3
0 0 5 5
0 5 5 0
7 6 7 6
5
0 3 0 5 4
5 0 0 5 5
3 5 1 13 5
3 4 5 12 1
6 4 8 4 8
6
0 0 6 6 0
4 0 6 6 0
6 0 6 6 0
0 6 6 0 0
4 6 6 0 0
6 6 6 0 0
6
3 5 5 8 4 7
3 5 5 8 4 5
3 5 7 11 5 8
3 8 5 5 4 7
3 8 5 5 4 5
3 11 7 5 5 8
6
2 2 8 5 4 4 4 4
8 5 2 2 5 3 5 3
2 2 8 5 6 4 6 4
8 2 4 6 6 4 6 4
4 6 8 2 5 3 5 3
4 6 8 2 6 6 6 6

50
4000000 6000000 8000000 2000000 2000000 6000000 2000000 6000000
4000000 6000000 8000000 2000000 4000000 6000000 4000000 6000000
4000000 6000000 8000000 2000000 6000000 6000000 6000000 6000000
4000000 6000000 8000000 2000000 8000000 6000000 8000000 6000000
4000000 6000000 8000000 2000000 10000000 6000000 10000000 6000000
4000000 6000000 8000000 2000000 2000000 4000000 2000000 4000000
4000000 6000000 8000000 2000000 4000000 4000000 4000000 4000000
4000000 6000000 8000000 2000000 6000000 4000000 6000000 4000000
4000000 6000000 8000000 2000000 8000000 4000000 8000000 4000000
4000000 6000000 8000000 2000000 10000000 4000000 10000000 4000000
4000000 6000000 8000000 2000000 2000000 2000000 2000000 2000000
4000000 6000000 8000000 2000000 4000000 2000000 4000000 2000000
4000000 6000000 8000000 2000000 6000000 2000000 6000000 2000000
4000000 6000000 8000000 2000000 8000000 2000000 8000000 2000000
4000000 6000000 8000000 2000000 10000000 2000000 10000000 2000000

8 6 4 2 2 6 2 6
8 6 4 2 4 6 4 6
8 6 4 2 6 6 6 6
8 6 4 2 8 6 8 6
8 6 4 2 10 6 10 6
8 6 4 2 2 4 2 4
8 6 4 2 4 4 4 4
8 6 4 2 6 4 6 4
8 6 4 2 8 4 8 4
8 6 4 2 10 4 10 4
8 6 4 2 2 2 2 2
8 6 4 2 4 2 4 2
8 6 4 2 6 2 6 2
8 6 4 2 8 2 8 2
8 6 4 2 10 2 10 2

6 4 6 4 4 4 4 4
6 4 6 4 6 6 6 6
6 4 6 4 8 4 8 4
6 4 6 4 6 2 6 2
6 4 6 4 6 4 6 4

-1000000 1000000 1000000 -1000000 1000000 1000000 1000000 1000000
-1000000 1000000 1000000 -1000000 -1000000 -1000000 -1000000 -1000000
-1000000 1000000 1000000 -1000000 -999999 1000000 -999999 1000000
-1000000 1000000 1000000 -1000000 999999 -1000000 999999 -1000000
-1000000 1000000 1000000 -1000000 1 1 1 1
-1000000 1000000 1000000 -1000000 -1 -1 -1 -1

1000000 5000000 3000000 2000000 3000000 7000000 4000000 4000000
1000000 5000000 3000000 2000000 7000000 6000000 5000000 4000000
1000000 5000000 3000000 2000000 7000000 4000000 5000000 3000000
1000000 5000000 3000000 2000000 7000000 3000000 5000000 1000000
1000000 5000000 3000000 2000000 1000000 5000000 3000000 2000000

3000000 7000000 4000000 4000000 1000000 5000000 3000000 2000000
7000000 6000000 5000000 4000000 1000000 5000000 3000000 2000000
7000000 4000000 5000000 3000000 1000000 5000000 3000000 2000000
7000000 3000000 5000000 1000000 1000000 5000000 3000000 2000000

297527 -736444 297527 -736444 302711 -761831 302711 -761831
302711 -761831 302711 -761831 297527 -736444 297527 -736444
294856 -751073 294856 -751073	297527 -736444 297527 -736444
297527 -736444 297527 -736444	297527 -736444 297527 -736444
299603 -737409 299603 -737409	297527 -736444 297527 -736444
300057 -739688 300057 -739688	297527 -736444 297527 -736444
301426 -747884 301426 -747884	297527 -736444 297527 -736444
301752 -742616 301752 -742616	297527 -736444 297527 -736444
301826 -745477 301826 -745477 297527 -736444 297527 -736444
