1000 1000
323342 192010 -77290 -290356
-433687 302315 -802173 737174
-302922 409319 -57282 889060
-481295 -377455 -407578 -453854
-167506 -337131 138467 -181000
-336785 347799 2096 409296
-174772 -206478 -437866 -14179
-328728 365879 -645122 802033
-428764 49831 -563298 140391
95690 188188 -340844 11986
225662 300657 145864 602856
-445342 -454555 -16855 -557701
-309368 211967 -545790 260262
-338838 -64275 -384141 9125
369669 -232253 372015 93347
427854 401704 286959 860718
354881 -412859 424878 -459495
-255538 179273 -596806 -89064
423765 -213414 514896 221118
340300 -279018 585170 -593846
-258951 -86010 -114793 10581
4189 326079 280940 197513
360659 -453518 500968 -905337
-161507 -471779 38523 -567413
243819 426584 343788 538070
206982 380620 334233 385096
-379565 -323077 -803758 -46982
437055 398048 650802 542160
-480505 -384835 -806776 -706645
257850 -282619 679570 -225795
129881 -195758 475057 -481024
386169 222800 35334 363107
-7757 274579 -324294 229245
-294229 146651 70950 290361
392626 -281035 858706 -605334
-360913 -379653 32519 -105947
414035 -52574 490215 316062
-129281 -91708 -131460 -139092
106310 -263470 547778 -579832
-299249 -489826 148088 -923806
-30895 -147159 -12374 -15079
119198 289293 403947 196839
103425 406047 63592 763984
-304046 -143099 -455530 -91387
-339647 472571 -165395 918804
485954 -466879 399305 -377648
313810 -103614 61929 -222509
-433612 89912 -615451 294056
-76788 -87156 -122549 97489
-173016 -397277 97457 -514881
-66648 -498023 -76766 -499213
37569 -347083 423107 -801936
113122 -250720 162759 -299439
420531 166280 389858 154069
447878 -427974 506898 -527646
-484148 -465227 -541121 -743952
371193 423947 315437 483666
271087 -399443 330629 -535588
208342 238810 183505 268044
260271 39835 371263 75326
29275 131000 164341 22560
-466303 -273671 -739607 -293358
-80666 338217 -132401 383551
277433 -397561 44342 -284109
-480985 259777 -782580 378352
-451686 -278088 -341931 -455095
51075 -340495 76523 -314527
-16258 198368 -285597 123846
255315 4779 246978 41327
464698 -154068 540033 73733
124476 -421061 119940 -361639
231757 389713 133652 700968
-215585 321090 965 344835
454933 470588 746958 711628
468069 -297370 850598 -316672
-178546 -325224 -131695 -404368
10392 485734 -257614 375429
242860 -405268 385797 -673720
-469191 -239554 -733256 -17779
-396159 485275 -416670 606929
-92485 203435 301588 191242
-80608 115432 3184 145835
458600 -279488 491722 -265599
-384180 -333868 -344369 -245084
84524 -96187 171442 2125
475433 -26591 452461 -175021
-399737 390953 -539506 534977
401382 -205685 379524 -165156
-465285 43212 -477640 73792
-212715 300165 -390481 303230
-328237 306817 -703979 682444
-85819 -417555 55637 -240821
328363 -19760 283258 -50516
-479003 22290 -828335 117266
296245 -265184 615445 -203200
189523 204938 43779 275920
351998 -451724 423087 -775339
499539 -58157 792022 -118521
-141260 -214244 -391789 -342332
-466180 -179811 -366721 -202568
228414 347871 312001 382434
-255104 101271 -297972 96108
474732 -339656 658091 -594201
119418 56938 -64175 71474
436115 460960 797624 942418
497826 352001 489825 224003
75395 -120241 272994 -85511
-216595 -296005 -292914 -378999
122255 470782 49637 848638
385622 361529 576295 516363
-209741 479075 -42813 742211
-408368 35587 -424756 -16005
84678 -418413 257219 -675881
454749 282704 378030 -25953
-67065 212312 209295 198076
-419653 -134460 -274506 -193346
-457442 108087 -697441 246001
162156 64925 127835 170389
353013 -173401 188105 -163979
-52222 -184768 -185679 -262401
-201351 461270 -10012 715492
317996 110471 363317 163915
-488157 -467257 -523707 -593199
450883 -327186 672255 -760143
361641 -442639 119242 -223529
-266186 437387 -69651 503009
341518 -450704 450808 -912045
-419056 -48781 -183825 -227177
-478553 -355737 -719088 -301427
231892 455504 195720 895692
-381718 -392769 -440231 -399462
-220295 -127198 -194495 -118069
495137 -405916 554040 -489012
-459846 -413097 -703030 -701141
406952 -457620 416333 -460164
-31179 -489667 307666 -805423
-94195 -254473 -86701 -255498
-461358 -191772 -392746 -296240
-184749 -373258 -255024 -377473
-329412 131260 -478040 158503
-476883 -463436 -553145 -882142
-367279 265908 -729 277932
196127 23189 258658 -69714
-300370 -498199 -290869 -969223
434262 390874 628863 327810
22585 486726 34298 626763
166489 100294 228715 95864
283291 215921 386198 156654
16322 5178 72101 50517
-451901 -109469 -473168 -65922
-15295 -301719 -34393 -319333
-400750 40933 -236755 163273
379467 235515 420296 246393
443340 -289321 891500 -216208
477840 -153891 652116 -151997
-393093 -231650 -838323 59245
102449 -338827 374362 -673551
39125 -440954 142617 -566058
24424 -341386 44573 -421124
36074 439906 -23837 375775
109715 -420683 83159 -309630
-310003 79560 2665 155821
-484123 -11053 -392600 68444
157164 421454 154427 465431
457581 -92578 536900 263532
421466 -251596 713268 -222308
-361991 231519 -635369 365855
268482 244076 109104 329942
105699 79902 125187 193597
-446813 -438272 -459612 -912202
-330211 316353 -592406 617788
322509 382841 303719 324552
-34296 307341 14439 342490
472120 113358 487299 245249
-387694 494569 -341620 444060
336798 410308 291776 398183
-270016 492386 -300885 534303
-32275 250803 -122097 241825
-167358 -390006 -252484 -489582
-476080 -263515 -734383 -183229
-321957 -60850 -260141 25538
-52583 258239 -471737 165191
138543 -195802 327559 -242328
37711 492271 41330 532628
-320509 304752 -406628 419945
170434 445245 134311 664298
492669 63451 631317 187316
470585 41792 448417 -37452
-357976 70292 -277823 80729
413582 460595 429487 590050
-163601 457064 -228258 401078
294627 190511 291662 177641
294570 394164 234929 382057
-16571 44086 57144 -46477
364149 -244764 296428 -203952
-159303 -290082 -131105 -288675
-365515 408818 -610772 680072
390901 -218144 668811 -183689
-62006 -51715 -59283 -70284
10915 266590 -186957 175634
434351 -67126 457846 149065
209598 -148221 213844 -130616
-75216 -297498 -67404 -365395
-243874 -222996 -224726 -233443
83488 185039 -266842 44943
300458 410742 344413 436159
233371 406798 256002 613975
-28608 -494386 437111 -958569
326489 334532 443590 243126
-178911 -283399 1816 -170813
188233 -166244 363240 -207632
-396737 -239919 -439823 -215552
-405241 274173 -489656 403732
-208417 222636 -364414 182078
486332 -308500 817217 -512745
-137236 215690 -269149 201203
-244374 -112277 -161449 -194025
-497547 -374527 -958142 -287918
354806 86025 366789 82294
129098 425015 67761 879672
7584 -495184 366824 -774163
-366627 260072 -62281 267487
-499550 340573 -808470 681861
170568 -380413 165160 -371950
480264 358701 379151 -89990
-492093 58441 -732833 152564
128715 -383111 323421 -632862
451666 5954 522151 274765
-202546 -440811 -159945 -435571
-358318 -493482 -360995 -504236
-353252 -272502 -295714 -288547
134061 491355 86927 853096
406116 380899 328196 507343
-355290 427063 -395084 462968
-29176 -343481 -50790 -344345
368171 -437546 205713 -291593
-357062 177441 -191990 195659
445423 128139 385143 -157886
-468279 -102796 -558403 -68248
-468686 -366147 -744620 -502207
444774 490094 544365 641815
-356916 290329 -234387 280878
-358419 479877 -472625 870780
320263 -311305 295047 -277818
51431 -483017 -60824 -430529
-129403 432196 15521 593780
-276884 -19507 -292592 -73243
453105 396599 919347 536101
-459639 279377 -878011 409401
62289 113191 16049 140783
34769 484407 49933 617136
-402532 -468160 -402894 -660382
-224953 93030 -286019 79975
42172 312566 295070 194338
210576 297822 115568 442730
397739 296961 441022 340376
293183 -322507 290560 -308564
-29931 -379875 -36207 -433703
-112945 14412 -105574 -82841
135031 467913 144271 585146
-454780 112454 -894598 374673
-412221 -298036 -424610 -281398
491104 50499 672895 210055
226300 80687 201222 63297
441817 -406553 440298 -358747
-450397 77307 -379933 95221
394010 -498754 562607 -961108
-441013 -297318 -491252 -337574
137962 -83254 219407 -63849
-151792 238535 -393558 189604
-142485 -433290 -192072 -479261
-468947 417138 -521545 457594
-317747 358596 -327298 434184
13855 -388818 29660 -402527
292226 417485 285057 421587
413837 451546 434655 512412
246553 87877 329205 186296
-193115 -50794 -110885 -59046
356801 -449948 505252 -564380
160355 -215979 302246 -332073
17253 -407761 64138 -465055
-393780 266626 -823366 447331
-323822 -326363 -296149 -309654
-94341 89858 -56710 4919
279491 -383161 149612 -283400
-198211 101303 -317898 42514
-496342 297438 -974226 481169
-288882 -486168 -224337 -507528
-314322 309523 -43265 314362
208792 -33536 258480 -81150
51314 -115616 36975 -64881
-414671 -170234 -484882 -149308
-389201 287203 -682697 631335
150405 191562 128841 171935
263485 42777 356164 85423
21861 -60960 -27497 -139653
-54936 224217 -145611 177841
-333893 -372778 -190472 -266378
53181 -116031 67855 -20991
-198599 -71186 -243260 -87433
-122573 -482787 -169380 -465478
358609 -24482 264566 34256
-397166 485390 -574497 716597
-22031 -44468 -43843 50117
178682 -294961 158801 -278601
-273598 408060 -118877 482830
486658 353283 561583 347312
128308 -175623 58347 -136359
314792 -87567 178611 -137593
275682 -1276 266240 -84482
-180637 480780 -114544 535840
-255615 -57433 -272789 -63504
-404324 -267023 -262816 -207431
377813 364325 392904 393755
-352960 480270 -304956 760235
-366978 334515 -379517 310377
143879 -354429 313885 -579981
-481794 -453938 -610771 -595971
-105005 375744 32777 342621
214767 4430 278907 123599
-175229 -18159 -236952 12941
196008 126346 215224 123302
-253534 271708 -40796 289927
-110992 -53857 -109531 -60495
-350803 -132700 -203514 -243015
-496192 -160310 -560426 -69587
-259834 159528 -539091 -71474
254257 418978 291417 435376
95279 -67881 115432 -19168
491259 497228 795449 602824
-9933 -337712 -27476 -419539
-21399 128846 27164 75535
-235173 351830 -145886 376607
-460824 -359668 -463368 -357504
-351493 -487622 -300088 -778599
-491702 70718 -609283 157676
7215 458869 50836 490737
349648 -73637 279758 -69656
-416350 462331 -838068 910115
-3809 487548 -77433 463941
218077 -471953 102057 -322783
-339314 405367 -316922 493932
-91651 -179985 -188149 -152177
-395356 229865 -720595 338909
257350 -461334 230556 -432982
98007 383092 113596 390212
-18139 180838 -305290 110616
-497607 -74750 -503191 -69578
490305 -62370 481281 -77131
213850 -333196 193110 -320201
285498 -72408 362923 -84865
-157942 482445 -110453 526972
-457552 -152094 -326836 -201184
448207 281902 430019 302307
28358 -279019 45137 -254651
286705 475640 288449 504069
425891 491074 436522 598116
-149315 380961 -195309 365248
68720 -287644 115429 -229792
-278482 76177 -409739 14570
355773 -249958 714970 -184548
142753 -440344 410893 -769769
-470748 434231 -451861 388003
-244984 -95186 -169967 -93342
-470521 22561 -481444 71457
214558 64149 70697 -97719
-452653 -284343 -652233 -292911
11814 -252782 16129 -274316
-268901 -98089 -266933 -131957
-15514 -237150 179890 -156850
161705 436389 183294 458031
152251 58495 143356 112742
35388 470682 75290 457404
-126372 494453 -73421 553932
496891 388495 733010 398451
18496 -313936 162754 -606719
493995 86653 511297 194762
291477 89795 349719 114695
-465933 107996 -845102 271954
306790 -461282 374517 -627014
391576 349113 344769 348851
84959 429137 40200 686632
-300793 398996 66517 898274
-316051 169565 -449760 158280
-152381 -311379 -233974 -320335
405912 -174910 445433 -64953
-110652 -476367 -154086 -450938
479397 -345843 855227 -629576
-242657 13505 -235933 -24943
-264434 446171 -73099 698671
283499 364198 314639 291446
-37354 -462042 320127 -776018
-354302 459348 -400365 808926
45784 406091 61876 396432
-466215 -377411 -466997 -376437
-462485 -464985 -545056 -918079
-6013 -197213 -145739 -274526
455062 -44327 487000 106270
65556 -408460 248918 -666942
245795 492979 263659 487598
131866 -330162 227169 -444304
-489875 -467990 -835164 -854086
-190812 -23600 -220893 -25951
28795 -484446 61722 -486060
257820 -316011 230719 -279655
-447355 -226795 -767366 8926
-300685 -436299 -207847 -379041
385535 -392306 282445 -281750
237188 449441 249358 576626
401698 -487820 754581 -879473
-99748 -54840 -104183 7146
453009 -401177 450246 -390118
-38480 -150835 -99751 -65441
37685 480369 -15427 412763
-499860 -39437 -393887 -86845
-458032 444410 -486906 477361
-498923 -164313 -490017 -185092
-380823 -33786 -385005 -1280
-350742 460507 -297284 616854
-279761 -197915 -435753 -150676
-288095 155395 -312353 163851
458104 -169305 913541 -131831
-449876 -187176 -332581 -221761
87940 37393 97196 -60425
-124397 20476 -113547 54604
480522 393715 684733 325764
-9861 -208355 43507 -128148
81808 218792 60193 264038
-332900 464535 -248542 705122
-414334 -384924 -408424 -394968
-47860 410916 -271357 366691
-22667 464283 -24313 451289
-296896 -99896 -259742 8807
-493996 326465 -608310 387765
-129998 -405183 -74843 -320461
108377 -213326 306255 -404959
-20062 27607 56382 -73204
-17911 -495595 399381 -878815
190206 160585 272725 166376
-383349 -367865 -331567 -424656
-445085 -21112 -346875 -88806
-12164 -494798 362738 -826325
218374 123542 216803 134695
452795 -481381 478478 -506629
105911 -449586 185249 -534422
-206205 -305792 -200185 -286823
181291 238749 179904 221145
367702 -444195 299130 -376412
24062 -482798 56369 -496124
351089 -190524 210945 -168592
-134218 -957 -225091 23757
35678 106095 37144 107576
-460079 196815 -383919 212006
65958 332219 140207 293869
340073 317000 366336 292488
-208732 389438 -28741 424469
358009 -125033 291942 -132084
232597 -208681 240955 -205577
-493796 420633 -779928 775218
-401822 453449 -755656 873842
490934 -295216 910047 -240042
-254125 -347026 -267335 -397727
444916 -229644 388855 -235499
382711 432882 286160 850067
-204980 474786 -96465 621063
-460103 -459383 -505078 -913848
-446482 -338111 -450583 -350690
314060 117255 299430 150646
-482972 -80991 -496073 -90925
430732 -440907 324115 -312806
-442550 422152 -692165 706729
-406431 -294537 -755874 -22180
221368 -473080 210638 -471820
-445019 -496852 -417955 -534263
-335542 87534 -81462 148453
281699 320122 230317 299154
-193073 -291554 -66205 -208442
-402896 140565 -431450 137879
278521 40697 286916 44923
-108007 450913 -36449 482796
256649 -272649 286654 -278063
-407177 -463257 -402984 -439011
13409 -19294 -15118 -86038
345061 405817 303468 392159
-150127 122281 -307471 86366
-127826 84468 -190717 23570
451119 395375 513262 404976
418026 428303 377898 495375
398102 -87892 392858 -53320
-252019 471568 32203 947407
-365441 491929 -399577 539999
-459391 -216423 -485637 -187145
16492 -412553 -14356 -451081
22167 108100 28715 104350
117059 -336354 148051 -362174
341837 -881 298129 23379
181041 333530 64182 356460
-459945 297561 -882363 480990
462411 494447 641608 713760
-464522 -138421 -365535 -171432
-37814 -18038 -38547 2382
333205 340101 363241 316138
-373350 374972 -514197 536911
455665 -243207 856262 -199158
-180916 470377 -82951 558751
-338061 228664 -386045 275038
76382 329992 -37915 355508
446803 225092 477367 347838
-353857 -349269 -354402 -338584
330358 -83121 97197 -132151
-402974 94547 -457821 153062
42317 -146861 44786 -204672
451693 -287958 812603 -216049
493540 277533 593488 298454
109390 -163661 189575 -132929
458413 -47101 503333 192010
90549 355969 163093 340924
93911 -208143 -38896 -373112
-165715 286336 -124968 297880
-87991 -220411 27449 -143566
-435620 306084 -416564 280143
382474 397255 376294 366926
446785 -337847 442328 -386086
-488454 224985 -550481 230288
-489500 -378690 -884653 -758053
-410413 230291 -500680 179423
-38857 -146349 -105716 48326
-420447 -17493 -401268 -19253
239048 -414019 232188 -385160
484011 497518 629937 680743
483090 -324617 850321 -549236
4397 485888 18323 564854
99349 496244 109449 400562
10495 -493943 73753 -536638
95849 106732 110987 177071
-468235 -215675 -455714 -252949
28960 418761 6520 356970
-489403 341383 -549177 438401
46128 -18391 71157 34708
-327685 -474957 -348628 -408410
-244056 -296562 -342144 -352432
-417410 240899 -529478 299153
212042 473379 182505 884496
-86296 65938 -61335 -74384
293443 495682 262725 844006
-55454 -140186 -87891 -114746
414839 -320927 417170 -359416
12428 230867 62831 208573
484279 318677 436649 105043
-338543 435880 -339434 462659
-292451 -25905 -289798 -47952
83774 -269123 224710 -369763
-349103 134761 -416003 144135
-225081 -63232 -249414 -22484
-351753 -74102 -240952 -153811
-98323 -159932 -70120 -169407
-469034 -268025 -656119 -245182
-337020 -308142 -349298 -290796
-498064 -196575 -511630 -181442
-383053 -471460 -351797 -843576
-312472 -366475 -303711 -396027
130053 -426312 146563 -427548
-492775 -437628 -708936 -706788
451280 231903 377170 -41428
-116618 -305240 -139848 -309576
-484255 324974 -594488 468857
-47707 -44456 -43286 -70007
278201 476795 224734 836299
67160 -465577 86593 -453545
476775 118368 490635 198204
499276 297513 564513 297165
-463393 16744 -836332 115076
204158 490032 199593 641915
-390328 377089 -481418 467456
379090 148584 375607 -3762
225351 -476059 376650 -672360
-444207 423842 -535549 519645
254210 -309345 323287 -363888
-255076 -92933 -135809 -64952
-179530 367210 -278763 328809
-288259 55472 -266901 53239
321149 -373032 154199 -251083
100611 429947 49679 419031
460198 229520 441229 127584
220032 3883 299422 146044
427998 497851 496977 902109
416953 -273736 704889 -232834
-163750 391264 -239045 375144
348277 -497930 363704 -579353
287538 244165 294651 248277
-285995 -145965 -213370 -183309
321190 312118 378070 284191
-495906 492666 -732537 793485
434384 218661 333614 223255
321600 -309904 418614 -402845
-278306 -234363 -261227 -233626
488977 -336404 691595 -487093
-164614 439378 -264475 371451
-418215 -125721 -373172 -140931
345754 247413 348104 255664
-486396 -218530 -478891 -226838
-136809 -217747 -119512 -191807
-59479 83362 103268 60813
337252 344140 362190 389433
9498 113627 19465 84532
-109853 -304050 -162438 -308806
-314521 -478400 -72954 -534934
15456 285235 20064 306146
239563 392733 339701 457086
401670 -276068 604996 -426678
240932 243530 377368 189221
-125398 -172010 -172672 -206796
-154156 398674 -122525 404608
-212692 -442209 -320031 -435792
-272490 -259664 -315659 -265651
216929 -119617 269201 -96084
470951 -178400 778513 -149231
-51321 165623 -163961 142955
-24433 158213 69777 197145
293698 -266898 738300 -182700
-29765 -482199 291163 -772535
-382221 -141420 -320335 -162505
-486280 -385071 -596896 -495090
-210055 -247474 -332952 -255312
192943 26243 237000 47517
-483775 24608 -724176 137150
29075 -111105 -351989 -373858
-40808 313504 -30296 329869
48234 164090 69604 157001
157674 231383 156097 254965
-189369 -487896 -157197 -501638
-410672 491510 -607953 754192
131612 -454368 142832 -440906
-365266 352683 -373868 365905
451576 -253753 315398 -267418
372787 -473561 785834 -941504
-393477 -83491 -475649 -26618
-47643 14622 -50574 31183
-179534 -317237 -175447 -388480
424059 348153 384600 300848
342827 343478 386726 298154
-477562 287255 -966195 439692
26634 -439961 -1122 -452119
15429 262532 31607 262847
-427135 -144383 -482490 -66855
465199 -292219 753813 -250052
323201 106275 337368 132506
-285095 -430669 -222326 -392750
-453518 -46981 -286748 -151025
-406896 -357502 -430051 -324491
-482351 -429810 -560133 -470507
191645 -164423 126629 -194025
470344 -297972 894285 -425088
283572 181492 232827 104262
-491132 479139 -755750 784353
-466668 -366553 -482484 -358018
-182405 -474882 47413 -576021
-74952 -183720 -38424 -160135
6550 -252413 -11947 -266668
-464877 -260292 -958872 142419
391612 -427616 298610 -340296
-294016 147388 -141818 207612
303440 -434060 392167 -672326
-165393 263184 -175337 251932
-253151 257362 -189081 257669
184459 159318 232358 180757
367016 -94232 368191 -110248
152666 -122619 94717 -138530
130840 130626 121636 70389
-387012 -483523 -393434 -935105
23878 331998 202356 264255
-337368 -401729 -407664 -336915
237611 -195322 294095 -219328
-140122 57721 -128811 53174
497846 15483 501998 35184
119720 417157 109617 358529
487020 -108617 482976 -146444
-395806 -489201 -396906 -740499
437972 -489338 459607 -495671
157470 -241689 204920 -270742
408360 251306 350238 238819
493938 36948 476140 -63567
499347 -364118 718431 -663012
483702 406539 748942 558466
-37162 92922 -72377 90500
-475676 389920 -586761 528122
-452913 -350445 -442910 -396017
-476528 36288 -507548 81441
303304 -144485 328242 -156189
-219296 47892 -359358 -6668
-390644 19481 -325393 -61974
314626 257814 330923 306628
-331076 -40953 -306238 -95785
211915 -420277 180017 -361217
-326064 427685 -298293 494534
180907 -210179 240988 -270852
441118 481524 543028 760674
477407 340025 431422 136722
-133736 -11223 -116565 -11390
257785 -462366 333990 -584249
5158 270388 -182873 233398
-22120 49628 1283 28341
-53793 45935 -32090 -147296
-361920 199936 -358866 211249
-496189 -113551 -423179 -150246
-388831 -245825 -439510 -222954
487285 -370732 733025 -763963
370380 -240375 345426 -206056
160464 -165575 46524 -223536
302738 494189 292107 574420
361072 275935 370365 274527
-460053 426058 -499142 457625
454133 406230 916937 647067
-190150 -106520 -161729 -110746
-393971 -293272 -380399 -302490
-81263 280528 -54521 284052
-403907 458249 -627638 768007
109990 -327495 373854 -669923
291897 115125 279764 64490
165984 61948 161464 171877
-151617 69884 -201632 25942
429323 459669 478141 622663
-366271 58212 -354410 58370
477434 4330 439729 -156669
-361507 -12162 -350111 -6267
-367615 -38282 -386951 -45471
-341440 -377981 -349163 -375015
-131296 369228 -268689 330671
323048 -274357 512481 -255723
-75074 12372 -48603 -9836
347558 453911 350220 469250
495415 35872 669938 193942
-499235 272681 -468375 261329
-180941 414530 -229975 389216
83084 455752 72567 577713
-498245 21565 -748396 88575
238930 -59894 182524 13600
291220 2904 355765 -28014
341612 -282242 353079 -297768
207123 -173506 293535 -196845
-499093 470189 -381433 357757
386049 -172836 457798 -31080
-471417 -347206 -433944 -320272
286603 447197 319573 506014
-226432 75252 -175904 94517
197250 217808 192346 221559
193698 359394 216068 334844
75225 -59621 73723 53157
81203 -8750 76473 37938
232242 450936 195862 946709
206208 -22889 221526 -38685
461043 -49693 467027 -12821
253500 -203537 284961 -218643
451992 -294614 944155 -470299
-89359 -454876 -75315 -478339
117897 -19915 204099 55695
-192900 -492175 -85902 -528832
253603 -151098 370013 -126447
496922 -409785 730506 -774747
-487350 -373822 -515666 -360374
-76617 167828 -206957 139277
111073 264742 80746 262653
74237 343767 189015 283106
494592 455195 533171 488281
201362 347716 151406 423066
-320717 488366 -237563 714398
455581 -238152 873204 -189331
-249371 -444498 -261825 -483188
499861 343173 500247 350810
367956 91049 371345 87285
134276 -486148 389647 -781121
-356385 -333960 -374156 -338487
-147779 40325 -150640 23749
-35259 -50276 -38596 10005
465025 145668 485815 266754
-8015 325230 18774 332523
416828 -473643 385264 -443232
215514 65029 288660 152162
-165196 494291 -11315 637610
-434470 225244 -505109 190244
-378270 252822 -415345 267967
-480453 -416098 -540696 -456796
258064 282402 291095 265254
411111 -62645 485733 310265
-291976 -109074 -258160 -92048
-397175 300912 -653445 615518
-18794 -248675 -16558 -230752
-127225 -421143 95021 -521831
-379248 -290205 -369375 -255580
-197341 -203427 -179932 -232597
-20092 -205030 -183881 -297832
-447397 304259 -585473 376779
379853 70018 371731 -215557
-494888 -160555 -371872 -244043
219742 -164107 291412 -129554
290192 379622 221915 374225
438778 -11558 411040 -63280
322972 43502 353447 9712
420820 370719 455945 376859
34413 21175 19817 11697
-180268 -202375 -257885 -140124
-26390 -468001 128389 -553922
-26962 155855 29695 173576
83285 294535 130992 274886
499527 -221811 454352 -226015
-498986 333145 -815171 570879
42568 -456376 23716 -419339
-219330 188167 -263000 159863
-400195 364409 -391929 322632
-55287 -233904 -77935 -277541
421036 444932 460311 638993
-498485 -260990 -989568 -204789
465381 398470 828434 481817
46585 283646 -312666 209379
52333 435694 33010 432783
254685 44835 300741 146477
-242204 -395046 -299445 -418164
450292 -24989 446944 -7183
-442281 18416 -480184 -22173
324589 -162117 274374 -155557
-339717 156536 -327239 145721
448728 97898 428009 -21204
204720 -482035 310507 -642185
-216359 -282000 -205387 -273975
37849 -50593 7036 -98620
95336 463803 55893 811851
408975 474082 376566 594466
98666 -28913 90924 58727
369918 -452470 93857 -258946
-353505 375212 -575207 614653
-496124 -138585 -504132 -114737
-52557 -344031 -40374 -300066
-108153 -498579 -164369 -477728
343705 231021 251251 266867
-271929 186094 -287602 155739
127471 199784 4344 205064
-340911 -299358 -327213 -281314
-440106 464240 -340361 358736
-338415 1995 -170389 71647
-424036 -203867 -339335 -237231
245536 499009 238371 445077
89742 -111764 208132 -93588
-356061 62929 -348578 49451
-265356 138719 -236647 143914
492120 144966 516961 251781
495457 -311778 780688 -475608
-288088 218522 -259336 232776
405338 -145559 425974 -97667
111875 -150007 62634 -130076
249187 -397421 394160 -677162
203619 494133 156927 672176
336293 -274536 395804 -268752
205360 -353348 249720 -383991
-430435 29799 -303179 138533
-458834 -418130 -745486 -751030
-85926 322353 -126811 329668
301895 219610 328685 213835
-255146 -48254 -258444 2039
-223435 427159 -137352 471446
-298835 -497049 -203694 -655249
134474 423126 129842 477282
-193972 -136976 -157469 -126770
160992 -311902 506772 -551249
-35922 177587 -224150 139166
357669 412619 269866 390764
491622 -490573 575637 -587801
-109356 -31121 -108492 9335
-202963 -65685 -233514 -69185
-25694 -10987 4711 -13439
-260628 -488725 -273684 -474658
295199 211828 253157 237674
213947 -363265 198737 -356785
-147144 -406146 -15183 -458049
250562 -262209 288221 -251356
52672 392195 91609 408883
-490665 313770 -603461 376813
383196 -466595 166424 -316317
-167631 -187976 -174427 -183483
379447 424760 343739 520036
-26039 -334391 -9256 -318582
232125 -259758 247726 -243582
167281 207603 103343 231456
-57266 146620 -2915 157432
-174598 226929 -136137 238749
408220 483213 347542 908355
-482250 -254787 -691236 -84954
-19933 310837 -5284 325279
183694 213235 220174 200506
458325 -192456 896742 -148204
-473207 -463522 -511421 -711074
15758 -208139 6614 -203666
-472527 254777 -934127 409384
-409873 -470450 -407509 -476012
338391 -409538 337785 -384294
-199576 113045 -240707 106386
-247250 148668 -8506 251270
186776 -192909 205338 -186172
354950 -158679 314706 -165395
199416 -422511 392141 -683038
442728 480089 758969 934581
153355 13132 114596 57045
-301445 266369 -33048 273728
-451753 -443827 -460847 -401020
-335154 488461 -164588 970003
-394249 482059 -693118 902997
-215810 -355132 -228385 -375037
-221926 -140798 -241631 -119765
-463771 122944 -698740 325055
256497 -286526 248682 -264774
-297904 -255448 -251201 -262212
420085 472873 427449 565745
-157812 -448362 -169508 -462220
77656 -118830 174763 -51566
-43448 314109 -248456 296816
-245965 231533 -108075 256562
374620 219390 419876 199964
478523 -206456 458674 -199555
-158928 191442 -179970 189973
-334620 143463 -466371 160403
-327331 334404 -560822 596812
193556 -493822 181070 -486931
362118 86576 363721 128569
439000 408917 449054 455822
-452767 331956 -779296 717210
-35679 141220 -145669 106029
390921 126348 392901 144552
-490195 -391177 -864137 -755889
54861 344968 62183 342397
-298569 272120 -413090 286918
146161 -298346 403884 -477447
-238016 235549 -258574 225523
-32563 238889 5335 247080
-21970 330718 -45938 332999
46654 -224336 33433 -220617
-86954 -423364 -105028 -417735
479604 -210940 530259 -214166
-443951 194073 -466341 195177
-87504 -277827 -164398 -289701
-397525 114109 -401000 130741
-32459 -310404 -21942 -265658
224861 112149 221270 153603
-331384 340566 -250706 358101
-472590 -444558 -538621 -810174
443573 -186376 883923 -148422
49149 397065 33779 382035
-84779 -453073 -61706 -501134
212341 -45977 206854 -31716
-227587 -468075 -203599 -494001
117729 -489836 121290 -503122
-129261 106040 -50834 135513
-276110 17409 -251330 35351
-373089 -107012 -432059 -89170
101373 271465 90680 272686
254708 -380074 94903 -270076
-170169 321198 -144031 323142
248457 51301 294139 -11104
144311 -52826 158131 -32348
44891 139148 11869 147777
-477822 -264886 -627121 -218456
-324804 -436192 -312723 -412684
-41777 -327630 -76810 -382216
485317 -310003 673103 -437075
-294375 268785 3728 278355
-201723 150905 -193204 169789
-77493 -320702 -138043 -374665
112337 -215140 246514 -306163
-490040 -270106 -840411 -283481
401562 -258471 509558 -243910
-92555 -141473 -113152 -118768
499212 -142372 691129 -138691
421458 446882 709437 899521
-20504 481923 -90510 457070
-301184 320346 -334728 335994
-364373 -96101 -339957 -117477
-60100 -484708 -34506 -524922
225405 -11883 226141 -6220
-35703 145080 -213024 93217
-453137 298372 -855283 522870
8198 480283 -10487 471635
-310382 476603 -315005 495394
106885 -442162 409286 -786314
-472927 16002 -608561 -77518
326401 -150794 368148 -148799
336981 -490452 340938 -508743
217704 -74605 235597 -74200
-459883 -476076 -464130 -538655
482635 -364114 487427 -366838
-448126 -133646 -541482 -90238
74687 -348640 58618 -366673
9091 408163 6839 363521
-83629 -122803 -88509 -159496
473870 481075 449188 443875
110989 117857 92448 98757
364116 -55852 354887 51551
220706 -438612 268339 -493941
-318828 -182206 -380533 -163134
-238873 80464 -267184 64458
-188955 88359 -114488 110287
66617 -271565 101332 -246280
342980 51251 369355 57151
-198138 962446
-651978 -608780
109458 864851
-105612 32868
-279948 955612
97477 -726191
853250 987222
43694 290729
-572808 994031
961352 -493588
900097 981045
658211 768116
-200369 984033
-124710 -900365
963510 990180
773908 -924758
802317 995304
-273700 -766346
-818385 974685
-860454 951453
-720468 996854
604144 717030
508624 955436
-795141 208174
-205502 993329
557737 214586
-681035 999066
492550 -998021
-835450 991678
411207 -295169
-600413 999703
-388259 -301188
-261968 999641
-488710 593659
630163 981168
697258 -606735
148052 986156
-38749 -731902
459279 998886
718537 -378430
-588353 930732
83766 45583
-967436 998678
-83028 -573592
-820423 989504
213645 -443561
277165 999849
-988171 812533
-696300 999756
99803 -604375
-114101 914136
-471042 607027
710862 942603
170759 -890734
-374178 973050
337822 -600568
621899 994183
134145 636263
372516 961568
-13221 202358
992239 995883
470293 373665
-885937 984965
-118834 -329315
-439146 995653
-52890 -365233
-595130 999876
730196 -891926
-970395 988168
406497 982819
213796 991713
-708378 -811810
481951 984788
32567 -819601
737300 996821
170670 801161
-479314 971847
-446019 872201
924534 987011
-687672 626216
836333 996205
861777 -366607
164925 914097
-564714 145591
446755 994101
-186066 -815497
-475923 999358
-683869 499244
527873 956300
426592 610574
-534969 991070
-840701 847988
-458442 999338
-711140 -331962
-62593 982582
-673450 644269
794744 994858
-717444 -620411
928721 987849
-755353 -297143
590144 954509
-16600 914136
-333475 967532
-216945 816578
496121 999490
-766599 609926
366742 983060
531879 -958597
-401783 981330
30683 540900
-188983 993276
-433554 610381
113633 996465
-412593 -47507
-267432 938186
276568 -897341
-21370 924383
681378 608260
-694054 995213
-830208 -539476
-129796 920510
-121362 -45889
-497692 996119
60352 -441881
965837 987708
225978 953457
644350 991372
-892437 696907
-142133 957617
-245211 -127291
305491 982630
-106165 50097
335040 978027
943172 -105220
531775 964830
-140003 -379400
-150663 981156
576311 271392
389919 992723
168125 -379635
223049 992833
661328 -568951
-101036 994551
-954676 -839648
-125223 973663
974619 -708670
-632831 992564
-439239 -55002
665381 999599
295784 -975079
400183 985259
165937 180559
704216 969927
100561 405261
-669664 999350
903937 119905
-518526 972585
-558185 -788973
535363 995215
-648412 -885896
-595210 982427
741963 -379608
4442 999288
-912853 -579654
797527 944086
402776 53605
941950 988956
-780568 -826879
886298 992372
-173137 -839656
286068 993700
952954 -81674
673480 995024
694589 -583831
962061 995215
669475 520688
493207 978331
893734 -734851
182039 990847
-465651 39110
-211713 999723
-223709 -969747
-111025 977118
-801935 -51710
334540 973443
-656284 932100
394068 986871
-793384 491732
-871182 983052
-179139 907873
789815 987473
896373 76752
-849425 997041
823578 75191
10851 995098
-478764 -691146
824605 922846
-95605 126102
-822400 939683
-698 -904850
-534059 976159
-45379 150796
558394 998126
911908 602655
-731126 985594
-634147 432426
520278 960763
-61345 -954741
-696130 988121
726451 271472
-753075 998673
-868520 -578875
-779706 999176
-687160 -141373
2969 980516
-597743 925072
-322795 995262
870331 960248
201612 979472
312132 -363661
162628 973429
949604 298719
-245661 998834
524460 -461980
-146460 989340
-185270 -914137
-580894 999450
-557188 704763
986947 961587
804668 736376
-417066 963879
-921406 -725231
133876 982237
-50470 872122
716826 969533
633662 210663
779575 965596
-994794 573554
818782 991698
-125478 732292
266017 999148
254385 227590
677772 978236
945166 -32085
936443 991653
843157 721915
-326974 995424
496147 864289
-406632 995909
567268 -695949
-570588 956315
-130210 -510699
-781980 956409
268293 919425
435399 993698
522654 -573128
-54349 997508
-430467 584602
838584 984448
-602220 -376494
-784221 996277
-263913 -950306
538237 992816
795664 -445642
-142673 966769
-222469 39015
-91582 985535
687631 -688388
677962 916720
346450 -307023
978470 999627
830539 -334823
926521 984042
712756 -539585
-238481 985836
-738469 -789239
284368 998951
-682007 272190
709138 948762
-864233 130113
595884 890906
-867361 49963
746340 982711
248040 994768
-675766 994594
602038 -266246
-828981 986748
-950634 -494482
5658 987711
-867119 302631
753292 970590
-505965 -687214
-81438 972233
65944 291940
651745 998626
-878117 873339
134343 955700
360699 -76872
-596562 993352
22146 -727253
-261975 972140
-279616 587877
382405 995677
608884 -759670
462009 900925
-741739 254481
365826 976309
-215392 301394
570917 956764
761305 -185823
528889 978767
529309 347420
6330 999137
-393102 -427165
153896 969450
-145986 -318347
769870 993689
613269 136716
-427790 959644
-527979 -790995
-809115 950752
-721970 -808243
-825843 991299
-355183 -857579
-273098 989523
449309 -423762
-904179 998459
395366 996731
726295 969598
251588 641700
805092 979311
-450159 392931
-510946 984643
-492916 -123911
-755429 964651
-875526 -705474
-464821 931956
-382313 -230016
-528424 965121
-231343 21811
262943 953306
-534038 -684928
349329 991264
750175 -145829
544065 985885
903941 -713634
230794 880320
-161119 233530
-227829 986910
136687 -329842
-371675 997838
48064 -541108
-483333 951073
-75797 902494
-238808 993600
-409823 -603877
754094 981166
902168 -701410
-688920 995132
219840 -244030
-5951 982547
983777 781558
-189602 987810
378048 583573
606107 997987
157373 -9488
205417 993883
-205794 -698248
254264 989404
429340 863119
-145068 975165
834552 471500
735222 995763
-28736 167946
-211004 970571
-753811 980927
783948 998112
-815070 -109596
634457 963377
-722019 704923
-12545 998282
660099 -695083
-604402 998021
-724682 -893312
-509229 983144
661209 72679
549511 981945
466776 -661936
118505 994472
-379744 -392936
-812255 999006
675779 -229014
279505 994108
-168669 611569
404508 983510
330958 -355889
306949 993965
714980 840405
175207 952078
-36502 -705936
-879057 992742
-611676 766819
800394 997883
-30821 336628
-557129 982446
354100 -757105
-855105 995734
-762232 -189590
-535855 976636
243517 -74758
827042 965722
-376715 141463
844834 975294
770399 -61620
187608 975539
148309 117753
475498 989684
53574 43085
215802 996080
60348 -792723
-716210 993218
228893 -217986
-419889 986318
-907172 333573
479246 991760
416086 -33994
-498396 984770
515578 -268612
-222624 977869
-184057 265352
-449586 999771
-739323 916584
917661 990420
-690657 -326570
434527 990612
-623327 -333588
-400436 989258
-952212 561313
-831215 997281
-823138 254393
-920782 996171
-41710 -961644
158717 999732
-547469 881295
104458 995992
719518 -266632
346486 986859
-171245 -728341
-893490 998918
-812957 880187
-429100 990565
809130 -920855
-291282 982688
-701330 650976
-964985 981751
770576 436650
-839775 977508
-698039 -11480
-60951 990429
669634 -83609
-292432 986979
489583 452600
-892667 992290
-887331 977952
-202620 960777
-9282 -739180
382273 992666
652075 610606
286731 995594
104878 -247715
-95952 998859
-16167 -326147
-709963 999026
-8339 -199469
410499 970000
-590572 33377
-115940 996407
-423816 770517
-823545 991739
952156 -344274
816232 906139
-75101 379503
959178 969186
-523192 694479
-63059 985936
673920 947000
613297 995318
-625739 897564
-531026 997000
264242 244061
-365423 993714
439780 -634118
726330 998520
362974 -824569
503586 961521
-702017 -947562
-116830 996398
-156446 72420
983165 972939
297008 -235131
-833382 991160
-347948 -595730
810486 997218
983802 326265
155392 995503
-317750 -413222
-625617 985336
85719 31781
-181404 946677
29352 -789543
-964815 992728
108620 -334101
41120 994028
759199 772267
-135396 939763
162430 530103
-670507 974698
-998641 74505
-39700 975721
-581927 -194616
-645712 992330
-135548 -303706
-678938 994378
-976275 -856889
782630 970238
335484 -364800
-869423 981999
-986640 -357870
-158150 980655
527399 729670
672856 991561
272677 -2598
-22689 934070
-764405 -519831
-215618 953987
-242286 -330355
-109578 980298
-88466 516451
-923965 990995
220748 854617
820943 998494
-529742 -975175
-928820 994558
295330 931461
-2049 996243
-329232 -173171
-993012 998494
223791 -162946
357180 959159
156634 256061
-682989 973413
-361030 27573
-323566 993445
767447 -404996
-631833 941788
672967 217627
-533633 981100
711086 316340
-138767 995475
936573 -146363
-57063 995248
16885 -842573
794257 993142
142689 905169
727048 988867
-616693 11036
596778 999141
-956161 -956709
-69549 997005
-497977 -523973
-688860 956768
-773919 -301703
-135346 995662
-435148 171405
-682417 984655
-698246 340255
-185084 999208
78510 997892
-748815 973662
-403024 229728
-784433 992209
-274847 82650
-732039 949062
514820 -220307
-813942 994144
-823119 -862599
-818264 992011
739989 437797
-272096 921556
99867 -766346
109119 973170
1297 -429203
-247742 994070
287645 802715
-319180 999787
857049 -461397
126020 994562
-15186 -935443
501979 999102
826309 -211358
-162249 998563
-345692 255372
105576 962470
-460105 76502
-508055 978115
959149 157358
-426997 959638
203443 17691
-729403 957700
956316 -75945
-479848 979796
957051 142282
101959 960833
-656481 -333075
-197378 983130
451015 702481
788209 990789
405193 -34145
-336039 990412
621102 303150
-892759 990340
-857364 -548227
12249 989608
-878089 -770541
-388433 996459
733922 267830
107774 956822
-124460 728947
340763 978236
-275406 543317
612610 935855
-944122 41048
-741627 999680
-31648 785919
-704460 954524
-737371 893218
-299174 992120
95435 -567591
393213 958014
738303 -913887
-227300 996374
-572613 577053
640934 992972
519037 -867498
-505169 988921
-946087 668439
-888873 989546
-283180 725777
-361423 990782
-784974 -395319
329072 963434
-167985 -19332
-827709 996374
-195271 -695925
-298863 994800
-281887 -20330
-914252 997409
551332 855716
-36145 999979
964683 261803
70956 986393
-260486 432094
-842845 997428
855987 739599
787582 984405
588945 -121655
-565868 992983
106115 60256
-670732 995779
351255 41220
712606 950788
935776 637324
441515 986365
181845 -643327
545460 971305
255349 -487540
921184 965621
94568 148640
-94960 993272
337767 6193
-969183 992064
106373 698511
240912 949676
586752 488865
-913948 995362
-940720 345762
-881141 968030
97674 -683848
65543 963771
267957 -398328
-576270 966729
118484 -207081
-685670 973727
460962 -296877
389164 964563
138960 -321736
11795 950503
-851638 -223131
-27112 980262
659005 463298
-478326 995875
925314 -423537
456740 972749
-921076 -33084
-201541 991162
796267 -189608
913902 991095
417959 567264
340520 988313
988303 467216
-248931 952635
-218433 -921215
-178139 990850
215620 771666
80808 999588
237147 182385
-75074 978664
864920 930054
-891632 876514
-132424 -813796
626490 994069
-69037 -773570
-367313 949178
627728 -148478
-617309 991817
756276 924690
-562914 997311
-39595 -904946
-802685 967654
225309 42619
28952 984570
978460 -670850
-203073 960079
719545 -811358
612652 993484
760758 106686
-65351 965846
258308 -445953
458134 990581
-148546 -973128
310803 916864
-983125 -777799
-440387 984207
556458 317311
-702838 990344
-846347 -799324
-161256 988438
649131 955515
-874082 978790
212969 -328930
-909300 977205
-857486 -28857
-761341 994052
903544 130560
-972601 972133
931024 -276309
799751 950085
1873 327691
178629 988304
930341 -989098
-120618 999894
-940805 709344
440169 988737
-549678 681975
258125 997199
355493 475945
-3785 993621
-62087 -235251
-595482 993767
-454396 -616244
194685 967534
628689 -44052
-279054 996450
-975583 -698869
-765401 971350
-606211 478197
-676135 971878
872503 357029
881232 997334
-322922 324159
-996446 999194
-278234 -853527
-588340 988099
522582 -623846
246262 989974
988311 -826712
-415469 993039
-426941 146064
-515069 986837
538167 52930
-650042 990156
687548 942820
-344728 996543
686500 -966144
462555 995550
-590648 400916
989523 946816
-991438 598614
551010 998465
-616881 845165
-91944 997780
818868 126895
-515580 998809
420583 412715
196697 988473
205265 -425254
-245689 997370
-371669 147834
516752 998305
146178 120126
790810 991508
638170 -92017
-764029 998722
424685 -500429
630182 992333
-942189 243970
-608966 981209
28095 -219607
682139 968030
103464 -320421
-804323 997133
-912829 857786
-516720 989042
-667402 979377
422573 986929
-303628 401301
-6838 944870
977328 -580412
-309041 999681
-680150 -160271
760676 992609
301411 -396538
-211725 986902
940025 523013
-317802 978095
-241081 521993
-783682 973318
166755 -827343
-254955 952370
997671 913697
362852 960661
491433 305328
706256 987920
-326743 924123
991977 997312
377226 -962413
185156 987508
713602 647345
-914803 939323
386778 -89762
88903 985018
6689 -527115
5482 969438
-766658 -292190
525671 982260
984870 402266
-685864 987298
221110 655108
422366 977971
-861199 -756924
-127824 981095
550537 -132085
191752 980082
-407079 96567
-767986 999490
972487 -836044
-899635 999135
785478 -502017
13313 996390
-953859 -899125
150387 960940
-271695 282563
171989 993769
91155 170438
523381 982950
-804702 -365518
-247305 986612
900562 -432085
-78728 943598
196037 25322
-67606 993204
284244 -341665
775271 988219
875652 -965323
-329987 952886
87596 -551270
-761342 994471
921345 -79370
221464 980298
-168831 -608069
407696 998703
-281389 197677
-643233 995707
-475462 -381736
807952 988981
362086 -940305
-152383 985137
-300712 671458
462452 996990
-576762 505749
761818 975251
19797 -434713
-650651 959565
-826263 627112
-826981 966432
246831 -260817
629976 991717
481223 -404523
-548402 892086
-251301 -193282
43406 990258
20980 -613435
266492 999314
-884084 495713
129655 939867
-211977 -680297
-581195 995157
306145 173522
845427 972905
-724514 883517
-612193 996060
699895 546947
-881585 997104
128557 333720
-734 996864
-80325 -850212
-667736 985587
315820 -434796
232107 976270
-345113 194694
-120555 994952
-99003 -446488
-80751 999872
707866 -718004
-272430 975234
-951098 -107411
-873631 997557
-545877 355518
-839092 982001
880441 -432669
-856226 970912
231879 955118
152272 972298
951130 243180
-549548 961484
186483 -607783
374827 982159
37497 -241984
-286500 989708
795856 -741847
79427 995197
467811 -614869
-299446 969782
156504 777921
749983 890656
-402200 274086
635508 985386
232395 548234
-824404 952928
-749175 304743
178465 960835
-812044 847257
948667 983636
227720 534884
-54150 905492
-414609 142840
124523 971301
-744511 -55371
-346273 983501
121186 -132307
460739 997076
-641104 -840028
320215 931673
187771 -258590
-912224 999516
647080 -331842
279763 989140
86175 54701
-760356 969213
-829509 922763
346720 960373
-972700 -375704
-20078 995170
486542 989554
116548 993759
-959527 -104298
-48180 984312
631806 -972123
-93280 972581
-48575 -902807
58063 986626
556324 282958
-892569 977212
-722406 204702
442309 996690
-320142 -831028
322298 977462
574193 -424015
-797905 974829
-184343 -907267
