100
4 2
5 2
6 2
1000 1000
1000 1
850651 823923
1000000 500000
926802 855995
1000000 524288
500000 237856
747257 731316
952679 752905
867725 864068
500000 262143
1000000 495896
339448 304824
878402 843226
500000 127
500000 262144
999999 475712
869956 672073
979158 880762
999999 400751
362754 275022
570783 494259
1 1
1000000 127
999999 127
1000000 999999
5 1
999999 499997
977693 850645
688872 678811
4 1
705118 540809
2 1
1000000 475713
927515 877929
853883 760761
1000000 464228
500000 499999
999999 999998
500000 500000
1000000 1
999999 524288
1000000 262144
544134 419220
999999 499998
286037 222890
999999 2
1000000 262143
807639 692988
999999 999999
500000 2
2 2
579126 510638
474252 460586
765583 708817
273334 240885
886821 822439
811273 669048
602024 457484
1000000 524287
999999 1
3 2
1000000 499998
338235 330925
918917 779253
500000 131072
984675 973030
718911 620145
500000 249998
1000000 475712
999999 478883
999999 499999
500000 238979
999999 262143
500000 237857
642796 530614
500000 250000
328795 280540
1000000 499999
452340 348173
983136 839131
999999 262144
500000 1
999999 475711
256627 223330
655862 623670
1000000 128
500000 128
999999 524287
3 1
1000000 1000000
500000 131071
999999 128
463386 377816
500000 200826
1000000 2
500000 249999
