99
6 2 0 2 0 2 0
3 1 0 2 0 0 0
644 78 0 248 0 318 0
692 135 0 250 0 307 0
218 34 0 162 0 22 0
690 215 0 181 0 294 0
999 249 0 500 0 250 0
725 260 0 256 0 209 0
886 811 0 22 0 53 0
950 447 0 240 0 263 0
901 415 0 381 0 105 0
999 1 0 499 0 499 0
383 26 0 137 0 220 0
843 405 0 314 0 124 0
871 250 0 402 0 219 0
472 97 0 233 0 142 0
414 204 0 182 0 28 0
544 206 0 229 0 109 0
825 471 0 47 0 307 0
836 197 0 227 0 412 0
605 293 0 84 0 228 0
4 1 0 2 0 1 0
1000 0 0 501 0 499 0
36 18 0 18 0 0 0
23 9 0 6 0 8 0
546 17 0 27 0 502 0
987 493 0 50 0 444 0
1000 1 0 500 0 499 0
196 50 0 86 0 60 0
387 183 0 105 0 99 0
631 288 0 238 0 105 0
387 184 0 88 0 115 0
147 54 0 40 0 53 0
167 60 0 43 0 64 0
46 21 0 10 0 15 0
170 38 0 84 0 48 0
417 182 0 129 0 106 0
265 6 0 38 0 221 0
334 158 0 129 0 47 0
517 225 0 78 0 214 0
243 12 0 172 0 59 0
1000 333 0 333 0 334 0
386 170 0 87 0 129 0
106 10 0 56 0 40 0
400 79 0 173 0 148 0
607 251 0 154 0 202 0
184 73 0 83 0 28 0
615 253 0 219 0 143 0
46 17 0 17 0 12 0
3 2 0 1 0 0 0
932 374 0 116 0 442 0
6 3 0 0 0 3 0
169 63 0 46 0 60 0
1000 500 0 250 0 250 0
18 3 0 7 0 8 0
955 372 0 253 0 330 0
251 80 0 86 0 85 0
178 54 0 86 0 38 0
5 1 0 2 0 2 0
515 210 0 161 0 144 0
847 198 0 418 0 231 0
4 2 0 2 0 0 0
17 2 0 7 0 8 0
6 2 0 1 0 3 0
4 1 0 1 0 2 0
3 0 0 0 0 3 0
4 2 0 1 0 1 0
695 212 0 154 0 329 0
86 20 0 31 0 35 0
4 3 0 0 0 1 0
143 42 0 38 0 63 0
618 195 0 247 0 176 0
18 9 0 9 0 0 0
36 8 0 18 0 10 0
7 3 0 2 0 2 0
999 250 0 250 0 499 0
5 3 0 0 0 2 0
769 285 0 232 0 252 0
30 4 0 26 0 0 0
187 33 0 85 0 69 0
414 206 0 133 0 75 0
831 26 0 788 0 17 0
371 113 0 175 0 83 0
3 1 0 1 0 1 0
4 0 0 2 0 2 0
925 130 0 404 0 391 0
999 333 0 333 0 333 0
999 500 0 499 0 0 0
923 311 0 263 0 349 0
24 6 0 6 0 12 0
47 11 0 18 0 18 0
1000 500 0 0 0 500 0
867 175 0 418 0 274 0
850 332 0 318 0 200 0
37 12 0 16 0 9 0
19 7 0 6 0 6 0
493 221 0 208 0 64 0
5 3 0 1 0 1 0
15 4 0 5 0 6 0
