5000 1
1000000 1000000
999999 1000000
999998 1000000
999997 1000000
999996 1000000
999995 1000000
999994 1000000
999993 1000000
999992 1000000
999991 1000000
999990 1000000
999989 1000000
999988 1000000
999987 1000000
999986 1000000
999985 1000000
999984 1000000
999983 1000000
999982 1000000
999981 1000000
999980 1000000
999979 1000000
999978 1000000
999977 1000000
999976 1000000
999975 1000000
999974 1000000
999973 1000000
999972 1000000
999971 1000000
999970 1000000
999969 1000000
999968 1000000
999967 1000000
999966 1000000
999965 1000000
999964 1000000
999963 1000000
999962 1000000
999961 1000000
999960 1000000
999959 1000000
999958 1000000
999957 1000000
999956 1000000
999955 1000000
999954 1000000
999953 1000000
999952 1000000
999951 1000000
999950 1000000
999949 1000000
999948 1000000
999947 1000000
999946 1000000
999945 1000000
999944 1000000
999943 1000000
999942 1000000
999941 1000000
999940 1000000
999939 1000000
999938 1000000
999937 1000000
999936 1000000
999935 1000000
999934 1000000
999933 1000000
999932 1000000
999931 1000000
999930 1000000
999929 1000000
999928 1000000
999927 1000000
999926 1000000
999925 1000000
999924 1000000
999923 1000000
999922 1000000
999921 1000000
999920 1000000
999919 1000000
999918 1000000
999917 1000000
999916 1000000
999915 1000000
999914 1000000
999913 1000000
999912 1000000
999911 1000000
999910 1000000
999909 1000000
999908 1000000
999907 1000000
999906 1000000
999905 1000000
999904 1000000
999903 1000000
999902 1000000
999901 1000000
999900 1000000
999899 1000000
999898 1000000
999897 1000000
999896 1000000
999895 1000000
999894 1000000
999893 1000000
999892 1000000
999891 1000000
999890 1000000
999889 1000000
999888 1000000
999887 1000000
999886 1000000
999885 1000000
999884 1000000
999883 1000000
999882 1000000
999881 1000000
999880 1000000
999879 1000000
999878 1000000
999877 1000000
999876 1000000
999875 1000000
999874 1000000
999873 1000000
999872 1000000
999871 1000000
999870 1000000
999869 1000000
999868 1000000
999867 1000000
999866 1000000
999865 1000000
999864 1000000
999863 1000000
999862 1000000
999861 1000000
999860 1000000
999859 1000000
999858 1000000
999857 1000000
999856 1000000
999855 1000000
999854 1000000
999853 1000000
999852 1000000
999851 1000000
999850 1000000
999849 1000000
999848 1000000
999847 1000000
999846 1000000
999845 1000000
999844 1000000
999843 1000000
999842 1000000
999841 1000000
999840 1000000
999839 1000000
999838 1000000
999837 1000000
999836 1000000
999835 1000000
999834 1000000
999833 1000000
999832 1000000
999831 1000000
999830 1000000
999829 1000000
999828 1000000
999827 1000000
999826 1000000
999825 1000000
999824 1000000
999823 1000000
999822 1000000
999821 1000000
999820 1000000
999819 1000000
999818 1000000
999817 1000000
999816 1000000
999815 1000000
999814 1000000
999813 1000000
999812 1000000
999811 1000000
999810 1000000
999809 1000000
999808 1000000
999807 1000000
999806 1000000
999805 1000000
999804 1000000
999803 1000000
999802 1000000
999801 1000000
999800 1000000
999799 1000000
999798 1000000
999797 1000000
999796 1000000
999795 1000000
999794 1000000
999793 1000000
999792 1000000
999791 1000000
999790 1000000
999789 1000000
999788 1000000
999787 1000000
999786 1000000
999785 1000000
999784 1000000
999783 1000000
999782 1000000
999781 1000000
999780 1000000
999779 1000000
999778 1000000
999777 1000000
999776 1000000
999775 1000000
999774 1000000
999773 1000000
999772 1000000
999771 1000000
999770 1000000
999769 1000000
999768 1000000
999767 1000000
999766 1000000
999765 1000000
999764 1000000
999763 1000000
999762 1000000
999761 1000000
999760 1000000
999759 1000000
999758 1000000
999757 1000000
999756 1000000
999755 1000000
999754 1000000
999753 1000000
999752 1000000
999751 1000000
999750 1000000
999749 1000000
999748 1000000
999747 1000000
999746 1000000
999745 1000000
999744 1000000
999743 1000000
999742 1000000
999741 1000000
999740 1000000
999739 1000000
999738 1000000
999737 1000000
999736 1000000
999735 1000000
999734 1000000
999733 1000000
999732 1000000
999731 1000000
999730 1000000
999729 1000000
999728 1000000
999727 1000000
999726 1000000
999725 1000000
999724 1000000
999723 1000000
999722 1000000
999721 1000000
999720 1000000
999719 1000000
999718 1000000
999717 1000000
999716 1000000
999715 1000000
999714 1000000
999713 1000000
999712 1000000
999711 1000000
999710 1000000
999709 1000000
999708 1000000
999707 1000000
999706 1000000
999705 1000000
999704 1000000
999703 1000000
999702 1000000
999701 1000000
999700 1000000
999699 1000000
999698 1000000
999697 1000000
999696 1000000
999695 1000000
999694 1000000
999693 1000000
999692 1000000
999691 1000000
999690 1000000
999689 1000000
999688 1000000
999687 1000000
999686 1000000
999685 1000000
999684 1000000
999683 1000000
999682 1000000
999681 1000000
999680 1000000
999679 1000000
999678 1000000
999677 1000000
999676 1000000
999675 1000000
999674 1000000
999673 1000000
999672 1000000
999671 1000000
999670 1000000
999669 1000000
999668 1000000
999667 1000000
999666 1000000
999665 1000000
999664 1000000
999663 1000000
999662 1000000
999661 1000000
999660 1000000
999659 1000000
999658 1000000
999657 1000000
999656 1000000
999655 1000000
999654 1000000
999653 1000000
999652 1000000
999651 1000000
999650 1000000
999649 1000000
999648 1000000
999647 1000000
999646 1000000
999645 1000000
999644 1000000
999643 1000000
999642 1000000
999641 1000000
999640 1000000
999639 1000000
999638 1000000
999637 1000000
999636 1000000
999635 1000000
999634 1000000
999633 1000000
999632 1000000
999631 1000000
999630 1000000
999629 1000000
999628 1000000
999627 1000000
999626 1000000
999625 1000000
999624 1000000
999623 1000000
999622 1000000
999621 1000000
999620 1000000
999619 1000000
999618 1000000
999617 1000000
999616 1000000
999615 1000000
999614 1000000
999613 1000000
999612 1000000
999611 1000000
999610 1000000
999609 1000000
999608 1000000
999607 1000000
999606 1000000
999605 1000000
999604 1000000
999603 1000000
999602 1000000
999601 1000000
999600 1000000
999599 1000000
999598 1000000
999597 1000000
999596 1000000
999595 1000000
999594 1000000
999593 1000000
999592 1000000
999591 1000000
999590 1000000
999589 1000000
999588 1000000
999587 1000000
999586 1000000
999585 1000000
999584 1000000
999583 1000000
999582 1000000
999581 1000000
999580 1000000
999579 1000000
999578 1000000
999577 1000000
999576 1000000
999575 1000000
999574 1000000
999573 1000000
999572 1000000
999571 1000000
999570 1000000
999569 1000000
999568 1000000
999567 1000000
999566 1000000
999565 1000000
999564 1000000
999563 1000000
999562 1000000
999561 1000000
999560 1000000
999559 1000000
999558 1000000
999557 1000000
999556 1000000
999555 1000000
999554 1000000
999553 1000000
999552 1000000
999551 1000000
999550 1000000
999549 1000000
999548 1000000
999547 1000000
999546 1000000
999545 1000000
999544 1000000
999543 1000000
999542 1000000
999541 1000000
999540 1000000
999539 1000000
999538 1000000
999537 1000000
999536 1000000
999535 1000000
999534 1000000
999533 1000000
999532 1000000
999531 1000000
999530 1000000
999529 1000000
999528 1000000
999527 1000000
999526 1000000
999525 1000000
999524 1000000
999523 1000000
999522 1000000
999521 1000000
999520 1000000
999519 1000000
999518 1000000
999517 1000000
999516 1000000
999515 1000000
999514 1000000
999513 1000000
999512 1000000
999511 1000000
999510 1000000
999509 1000000
999508 1000000
999507 1000000
999506 1000000
999505 1000000
999504 1000000
999503 1000000
999502 1000000
999501 1000000
999500 1000000
999499 1000000
999498 1000000
999497 1000000
999496 1000000
999495 1000000
999494 1000000
999493 1000000
999492 1000000
999491 1000000
999490 1000000
999489 1000000
999488 1000000
999487 1000000
999486 1000000
999485 1000000
999484 1000000
999483 1000000
999482 1000000
999481 1000000
999480 1000000
999479 1000000
999478 1000000
999477 1000000
999476 1000000
999475 1000000
999474 1000000
999473 1000000
999472 1000000
999471 1000000
999470 1000000
999469 1000000
999468 1000000
999467 1000000
999466 1000000
999465 1000000
999464 1000000
999463 1000000
999462 1000000
999461 1000000
999460 1000000
999459 1000000
999458 1000000
999457 1000000
999456 1000000
999455 1000000
999454 1000000
999453 1000000
999452 1000000
999451 1000000
999450 1000000
999449 1000000
999448 1000000
999447 1000000
999446 1000000
999445 1000000
999444 1000000
999443 1000000
999442 1000000
999441 1000000
999440 1000000
999439 1000000
999438 1000000
999437 1000000
999436 1000000
999435 1000000
999434 1000000
999433 1000000
999432 1000000
999431 1000000
999430 1000000
999429 1000000
999428 1000000
999427 1000000
999426 1000000
999425 1000000
999424 1000000
999423 1000000
999422 1000000
999421 1000000
999420 1000000
999419 1000000
999418 1000000
999417 1000000
999416 1000000
999415 1000000
999414 1000000
999413 1000000
999412 1000000
999411 1000000
999410 1000000
999409 1000000
999408 1000000
999407 1000000
999406 1000000
999405 1000000
999404 1000000
999403 1000000
999402 1000000
999401 1000000
999400 1000000
999399 1000000
999398 1000000
999397 1000000
999396 1000000
999395 1000000
999394 1000000
999393 1000000
999392 1000000
999391 1000000
999390 1000000
999389 1000000
999388 1000000
999387 1000000
999386 1000000
999385 1000000
999384 1000000
999383 1000000
999382 1000000
999381 1000000
999380 1000000
999379 1000000
999378 1000000
999377 1000000
999376 1000000
999375 1000000
999374 1000000
999373 1000000
999372 1000000
999371 1000000
999370 1000000
999369 1000000
999368 1000000
999367 1000000
999366 1000000
999365 1000000
999364 1000000
999363 1000000
999362 1000000
999361 1000000
999360 1000000
999359 1000000
999358 1000000
999357 1000000
999356 1000000
999355 1000000
999354 1000000
999353 1000000
999352 1000000
999351 1000000
999350 1000000
999349 1000000
999348 1000000
999347 1000000
999346 1000000
999345 1000000
999344 1000000
999343 1000000
999342 1000000
999341 1000000
999340 1000000
999339 1000000
999338 1000000
999337 1000000
999336 1000000
999335 1000000
999334 1000000
999333 1000000
999332 1000000
999331 1000000
999330 1000000
999329 1000000
999328 1000000
999327 1000000
999326 1000000
999325 1000000
999324 1000000
999323 1000000
999322 1000000
999321 1000000
999320 1000000
999319 1000000
999318 1000000
999317 1000000
999316 1000000
999315 1000000
999314 1000000
999313 1000000
999312 1000000
999311 1000000
999310 1000000
999309 1000000
999308 1000000
999307 1000000
999306 1000000
999305 1000000
999304 1000000
999303 1000000
999302 1000000
999301 1000000
999300 1000000
999299 1000000
999298 1000000
999297 1000000
999296 1000000
999295 1000000
999294 1000000
999293 1000000
999292 1000000
999291 1000000
999290 1000000
999289 1000000
999288 1000000
999287 1000000
999286 1000000
999285 1000000
999284 1000000
999283 1000000
999282 1000000
999281 1000000
999280 1000000
999279 1000000
999278 1000000
999277 1000000
999276 1000000
999275 1000000
999274 1000000
999273 1000000
999272 1000000
999271 1000000
999270 1000000
999269 1000000
999268 1000000
999267 1000000
999266 1000000
999265 1000000
999264 1000000
999263 1000000
999262 1000000
999261 1000000
999260 1000000
999259 1000000
999258 1000000
999257 1000000
999256 1000000
999255 1000000
999254 1000000
999253 1000000
999252 1000000
999251 1000000
999250 1000000
999249 1000000
999248 1000000
999247 1000000
999246 1000000
999245 1000000
999244 1000000
999243 1000000
999242 1000000
999241 1000000
999240 1000000
999239 1000000
999238 1000000
999237 1000000
999236 1000000
999235 1000000
999234 1000000
999233 1000000
999232 1000000
999231 1000000
999230 1000000
999229 1000000
999228 1000000
999227 1000000
999226 1000000
999225 1000000
999224 1000000
999223 1000000
999222 1000000
999221 1000000
999220 1000000
999219 1000000
999218 1000000
999217 1000000
999216 1000000
999215 1000000
999214 1000000
999213 1000000
999212 1000000
999211 1000000
999210 1000000
999209 1000000
999208 1000000
999207 1000000
999206 1000000
999205 1000000
999204 1000000
999203 1000000
999202 1000000
999201 1000000
999200 1000000
999199 1000000
999198 1000000
999197 1000000
999196 1000000
999195 1000000
999194 1000000
999193 1000000
999192 1000000
999191 1000000
999190 1000000
999189 1000000
999188 1000000
999187 1000000
999186 1000000
999185 1000000
999184 1000000
999183 1000000
999182 1000000
999181 1000000
999180 1000000
999179 1000000
999178 1000000
999177 1000000
999176 1000000
999175 1000000
999174 1000000
999173 1000000
999172 1000000
999171 1000000
999170 1000000
999169 1000000
999168 1000000
999167 1000000
999166 1000000
999165 1000000
999164 1000000
999163 1000000
999162 1000000
999161 1000000
999160 1000000
999159 1000000
999158 1000000
999157 1000000
999156 1000000
999155 1000000
999154 1000000
999153 1000000
999152 1000000
999151 1000000
999150 1000000
999149 1000000
999148 1000000
999147 1000000
999146 1000000
999145 1000000
999144 1000000
999143 1000000
999142 1000000
999141 1000000
999140 1000000
999139 1000000
999138 1000000
999137 1000000
999136 1000000
999135 1000000
999134 1000000
999133 1000000
999132 1000000
999131 1000000
999130 1000000
999129 1000000
999128 1000000
999127 1000000
999126 1000000
999125 1000000
999124 1000000
999123 1000000
999122 1000000
999121 1000000
999120 1000000
999119 1000000
999118 1000000
999117 1000000
999116 1000000
999115 1000000
999114 1000000
999113 1000000
999112 1000000
999111 1000000
999110 1000000
999109 1000000
999108 1000000
999107 1000000
999106 1000000
999105 1000000
999104 1000000
999103 1000000
999102 1000000
999101 1000000
999100 1000000
999099 1000000
999098 1000000
999097 1000000
999096 1000000
999095 1000000
999094 1000000
999093 1000000
999092 1000000
999091 1000000
999090 1000000
999089 1000000
999088 1000000
999087 1000000
999086 1000000
999085 1000000
999084 1000000
999083 1000000
999082 1000000
999081 1000000
999080 1000000
999079 1000000
999078 1000000
999077 1000000
999076 1000000
999075 1000000
999074 1000000
999073 1000000
999072 1000000
999071 1000000
999070 1000000
999069 1000000
999068 1000000
999067 1000000
999066 1000000
999065 1000000
999064 1000000
999063 1000000
999062 1000000
999061 1000000
999060 1000000
999059 1000000
999058 1000000
999057 1000000
999056 1000000
999055 1000000
999054 1000000
999053 1000000
999052 1000000
999051 1000000
999050 1000000
999049 1000000
999048 1000000
999047 1000000
999046 1000000
999045 1000000
999044 1000000
999043 1000000
999042 1000000
999041 1000000
999040 1000000
999039 1000000
999038 1000000
999037 1000000
999036 1000000
999035 1000000
999034 1000000
999033 1000000
999032 1000000
999031 1000000
999030 1000000
999029 1000000
999028 1000000
999027 1000000
999026 1000000
999025 1000000
999024 1000000
999023 1000000
999022 1000000
999021 1000000
999020 1000000
999019 1000000
999018 1000000
999017 1000000
999016 1000000
999015 1000000
999014 1000000
999013 1000000
999012 1000000
999011 1000000
999010 1000000
999009 1000000
999008 1000000
999007 1000000
999006 1000000
999005 1000000
999004 1000000
999003 1000000
999002 1000000
999001 1000000
999000 1000000
998999 1000000
998998 1000000
998997 1000000
998996 1000000
998995 1000000
998994 1000000
998993 1000000
998992 1000000
998991 1000000
998990 1000000
998989 1000000
998988 1000000
998987 1000000
998986 1000000
998985 1000000
998984 1000000
998983 1000000
998982 1000000
998981 1000000
998980 1000000
998979 1000000
998978 1000000
998977 1000000
998976 1000000
998975 1000000
998974 1000000
998973 1000000
998972 1000000
998971 1000000
998970 1000000
998969 1000000
998968 1000000
998967 1000000
998966 1000000
998965 1000000
998964 1000000
998963 1000000
998962 1000000
998961 1000000
998960 1000000
998959 1000000
998958 1000000
998957 1000000
998956 1000000
998955 1000000
998954 1000000
998953 1000000
998952 1000000
998951 1000000
998950 1000000
998949 1000000
998948 1000000
998947 1000000
998946 1000000
998945 1000000
998944 1000000
998943 1000000
998942 1000000
998941 1000000
998940 1000000
998939 1000000
998938 1000000
998937 1000000
998936 1000000
998935 1000000
998934 1000000
998933 1000000
998932 1000000
998931 1000000
998930 1000000
998929 1000000
998928 1000000
998927 1000000
998926 1000000
998925 1000000
998924 1000000
998923 1000000
998922 1000000
998921 1000000
998920 1000000
998919 1000000
998918 1000000
998917 1000000
998916 1000000
998915 1000000
998914 1000000
998913 1000000
998912 1000000
998911 1000000
998910 1000000
998909 1000000
998908 1000000
998907 1000000
998906 1000000
998905 1000000
998904 1000000
998903 1000000
998902 1000000
998901 1000000
998900 1000000
998899 1000000
998898 1000000
998897 1000000
998896 1000000
998895 1000000
998894 1000000
998893 1000000
998892 1000000
998891 1000000
998890 1000000
998889 1000000
998888 1000000
998887 1000000
998886 1000000
998885 1000000
998884 1000000
998883 1000000
998882 1000000
998881 1000000
998880 1000000
998879 1000000
998878 1000000
998877 1000000
998876 1000000
998875 1000000
998874 1000000
998873 1000000
998872 1000000
998871 1000000
998870 1000000
998869 1000000
998868 1000000
998867 1000000
998866 1000000
998865 1000000
998864 1000000
998863 1000000
998862 1000000
998861 1000000
998860 1000000
998859 1000000
998858 1000000
998857 1000000
998856 1000000
998855 1000000
998854 1000000
998853 1000000
998852 1000000
998851 1000000
998850 1000000
998849 1000000
998848 1000000
998847 1000000
998846 1000000
998845 1000000
998844 1000000
998843 1000000
998842 1000000
998841 1000000
998840 1000000
998839 1000000
998838 1000000
998837 1000000
998836 1000000
998835 1000000
998834 1000000
998833 1000000
998832 1000000
998831 1000000
998830 1000000
998829 1000000
998828 1000000
998827 1000000
998826 1000000
998825 1000000
998824 1000000
998823 1000000
998822 1000000
998821 1000000
998820 1000000
998819 1000000
998818 1000000
998817 1000000
998816 1000000
998815 1000000
998814 1000000
998813 1000000
998812 1000000
998811 1000000
998810 1000000
998809 1000000
998808 1000000
998807 1000000
998806 1000000
998805 1000000
998804 1000000
998803 1000000
998802 1000000
998801 1000000
998800 1000000
998799 1000000
998798 1000000
998797 1000000
998796 1000000
998795 1000000
998794 1000000
998793 1000000
998792 1000000
998791 1000000
998790 1000000
998789 1000000
998788 1000000
998787 1000000
998786 1000000
998785 1000000
998784 1000000
998783 1000000
998782 1000000
998781 1000000
998780 1000000
998779 1000000
998778 1000000
998777 1000000
998776 1000000
998775 1000000
998774 1000000
998773 1000000
998772 1000000
998771 1000000
998770 1000000
998769 1000000
998768 1000000
998767 1000000
998766 1000000
998765 1000000
998764 1000000
998763 1000000
998762 1000000
998761 1000000
998760 1000000
998759 1000000
998758 1000000
998757 1000000
998756 1000000
998755 1000000
998754 1000000
998753 1000000
998752 1000000
998751 1000000
998750 1000000
998749 1000000
998748 1000000
998747 1000000
998746 1000000
998745 1000000
998744 1000000
998743 1000000
998742 1000000
998741 1000000
998740 1000000
998739 1000000
998738 1000000
998737 1000000
998736 1000000
998735 1000000
998734 1000000
998733 1000000
998732 1000000
998731 1000000
998730 1000000
998729 1000000
998728 1000000
998727 1000000
998726 1000000
998725 1000000
998724 1000000
998723 1000000
998722 1000000
998721 1000000
998720 1000000
998719 1000000
998718 1000000
998717 1000000
998716 1000000
998715 1000000
998714 1000000
998713 1000000
998712 1000000
998711 1000000
998710 1000000
998709 1000000
998708 1000000
998707 1000000
998706 1000000
998705 1000000
998704 1000000
998703 1000000
998702 1000000
998701 1000000
998700 1000000
998699 1000000
998698 1000000
998697 1000000
998696 1000000
998695 1000000
998694 1000000
998693 1000000
998692 1000000
998691 1000000
998690 1000000
998689 1000000
998688 1000000
998687 1000000
998686 1000000
998685 1000000
998684 1000000
998683 1000000
998682 1000000
998681 1000000
998680 1000000
998679 1000000
998678 1000000
998677 1000000
998676 1000000
998675 1000000
998674 1000000
998673 1000000
998672 1000000
998671 1000000
998670 1000000
998669 1000000
998668 1000000
998667 1000000
998666 1000000
998665 1000000
998664 1000000
998663 1000000
998662 1000000
998661 1000000
998660 1000000
998659 1000000
998658 1000000
998657 1000000
998656 1000000
998655 1000000
998654 1000000
998653 1000000
998652 1000000
998651 1000000
998650 1000000
998649 1000000
998648 1000000
998647 1000000
998646 1000000
998645 1000000
998644 1000000
998643 1000000
998642 1000000
998641 1000000
998640 1000000
998639 1000000
998638 1000000
998637 1000000
998636 1000000
998635 1000000
998634 1000000
998633 1000000
998632 1000000
998631 1000000
998630 1000000
998629 1000000
998628 1000000
998627 1000000
998626 1000000
998625 1000000
998624 1000000
998623 1000000
998622 1000000
998621 1000000
998620 1000000
998619 1000000
998618 1000000
998617 1000000
998616 1000000
998615 1000000
998614 1000000
998613 1000000
998612 1000000
998611 1000000
998610 1000000
998609 1000000
998608 1000000
998607 1000000
998606 1000000
998605 1000000
998604 1000000
998603 1000000
998602 1000000
998601 1000000
998600 1000000
998599 1000000
998598 1000000
998597 1000000
998596 1000000
998595 1000000
998594 1000000
998593 1000000
998592 1000000
998591 1000000
998590 1000000
998589 1000000
998588 1000000
998587 1000000
998586 1000000
998585 1000000
998584 1000000
998583 1000000
998582 1000000
998581 1000000
998580 1000000
998579 1000000
998578 1000000
998577 1000000
998576 1000000
998575 1000000
998574 1000000
998573 1000000
998572 1000000
998571 1000000
998570 1000000
998569 1000000
998568 1000000
998567 1000000
998566 1000000
998565 1000000
998564 1000000
998563 1000000
998562 1000000
998561 1000000
998560 1000000
998559 1000000
998558 1000000
998557 1000000
998556 1000000
998555 1000000
998554 1000000
998553 1000000
998552 1000000
998551 1000000
998550 1000000
998549 1000000
998548 1000000
998547 1000000
998546 1000000
998545 1000000
998544 1000000
998543 1000000
998542 1000000
998541 1000000
998540 1000000
998539 1000000
998538 1000000
998537 1000000
998536 1000000
998535 1000000
998534 1000000
998533 1000000
998532 1000000
998531 1000000
998530 1000000
998529 1000000
998528 1000000
998527 1000000
998526 1000000
998525 1000000
998524 1000000
998523 1000000
998522 1000000
998521 1000000
998520 1000000
998519 1000000
998518 1000000
998517 1000000
998516 1000000
998515 1000000
998514 1000000
998513 1000000
998512 1000000
998511 1000000
998510 1000000
998509 1000000
998508 1000000
998507 1000000
998506 1000000
998505 1000000
998504 1000000
998503 1000000
998502 1000000
998501 1000000
998500 1000000
998499 1000000
998498 1000000
998497 1000000
998496 1000000
998495 1000000
998494 1000000
998493 1000000
998492 1000000
998491 1000000
998490 1000000
998489 1000000
998488 1000000
998487 1000000
998486 1000000
998485 1000000
998484 1000000
998483 1000000
998482 1000000
998481 1000000
998480 1000000
998479 1000000
998478 1000000
998477 1000000
998476 1000000
998475 1000000
998474 1000000
998473 1000000
998472 1000000
998471 1000000
998470 1000000
998469 1000000
998468 1000000
998467 1000000
998466 1000000
998465 1000000
998464 1000000
998463 1000000
998462 1000000
998461 1000000
998460 1000000
998459 1000000
998458 1000000
998457 1000000
998456 1000000
998455 1000000
998454 1000000
998453 1000000
998452 1000000
998451 1000000
998450 1000000
998449 1000000
998448 1000000
998447 1000000
998446 1000000
998445 1000000
998444 1000000
998443 1000000
998442 1000000
998441 1000000
998440 1000000
998439 1000000
998438 1000000
998437 1000000
998436 1000000
998435 1000000
998434 1000000
998433 1000000
998432 1000000
998431 1000000
998430 1000000
998429 1000000
998428 1000000
998427 1000000
998426 1000000
998425 1000000
998424 1000000
998423 1000000
998422 1000000
998421 1000000
998420 1000000
998419 1000000
998418 1000000
998417 1000000
998416 1000000
998415 1000000
998414 1000000
998413 1000000
998412 1000000
998411 1000000
998410 1000000
998409 1000000
998408 1000000
998407 1000000
998406 1000000
998405 1000000
998404 1000000
998403 1000000
998402 1000000
998401 1000000
998400 1000000
998399 1000000
998398 1000000
998397 1000000
998396 1000000
998395 1000000
998394 1000000
998393 1000000
998392 1000000
998391 1000000
998390 1000000
998389 1000000
998388 1000000
998387 1000000
998386 1000000
998385 1000000
998384 1000000
998383 1000000
998382 1000000
998381 1000000
998380 1000000
998379 1000000
998378 1000000
998377 1000000
998376 1000000
998375 1000000
998374 1000000
998373 1000000
998372 1000000
998371 1000000
998370 1000000
998369 1000000
998368 1000000
998367 1000000
998366 1000000
998365 1000000
998364 1000000
998363 1000000
998362 1000000
998361 1000000
998360 1000000
998359 1000000
998358 1000000
998357 1000000
998356 1000000
998355 1000000
998354 1000000
998353 1000000
998352 1000000
998351 1000000
998350 1000000
998349 1000000
998348 1000000
998347 1000000
998346 1000000
998345 1000000
998344 1000000
998343 1000000
998342 1000000
998341 1000000
998340 1000000
998339 1000000
998338 1000000
998337 1000000
998336 1000000
998335 1000000
998334 1000000
998333 1000000
998332 1000000
998331 1000000
998330 1000000
998329 1000000
998328 1000000
998327 1000000
998326 1000000
998325 1000000
998324 1000000
998323 1000000
998322 1000000
998321 1000000
998320 1000000
998319 1000000
998318 1000000
998317 1000000
998316 1000000
998315 1000000
998314 1000000
998313 1000000
998312 1000000
998311 1000000
998310 1000000
998309 1000000
998308 1000000
998307 1000000
998306 1000000
998305 1000000
998304 1000000
998303 1000000
998302 1000000
998301 1000000
998300 1000000
998299 1000000
998298 1000000
998297 1000000
998296 1000000
998295 1000000
998294 1000000
998293 1000000
998292 1000000
998291 1000000
998290 1000000
998289 1000000
998288 1000000
998287 1000000
998286 1000000
998285 1000000
998284 1000000
998283 1000000
998282 1000000
998281 1000000
998280 1000000
998279 1000000
998278 1000000
998277 1000000
998276 1000000
998275 1000000
998274 1000000
998273 1000000
998272 1000000
998271 1000000
998270 1000000
998269 1000000
998268 1000000
998267 1000000
998266 1000000
998265 1000000
998264 1000000
998263 1000000
998262 1000000
998261 1000000
998260 1000000
998259 1000000
998258 1000000
998257 1000000
998256 1000000
998255 1000000
998254 1000000
998253 1000000
998252 1000000
998251 1000000
998250 1000000
998249 1000000
998248 1000000
998247 1000000
998246 1000000
998245 1000000
998244 1000000
998243 1000000
998242 1000000
998241 1000000
998240 1000000
998239 1000000
998238 1000000
998237 1000000
998236 1000000
998235 1000000
998234 1000000
998233 1000000
998232 1000000
998231 1000000
998230 1000000
998229 1000000
998228 1000000
998227 1000000
998226 1000000
998225 1000000
998224 1000000
998223 1000000
998222 1000000
998221 1000000
998220 1000000
998219 1000000
998218 1000000
998217 1000000
998216 1000000
998215 1000000
998214 1000000
998213 1000000
998212 1000000
998211 1000000
998210 1000000
998209 1000000
998208 1000000
998207 1000000
998206 1000000
998205 1000000
998204 1000000
998203 1000000
998202 1000000
998201 1000000
998200 1000000
998199 1000000
998198 1000000
998197 1000000
998196 1000000
998195 1000000
998194 1000000
998193 1000000
998192 1000000
998191 1000000
998190 1000000
998189 1000000
998188 1000000
998187 1000000
998186 1000000
998185 1000000
998184 1000000
998183 1000000
998182 1000000
998181 1000000
998180 1000000
998179 1000000
998178 1000000
998177 1000000
998176 1000000
998175 1000000
998174 1000000
998173 1000000
998172 1000000
998171 1000000
998170 1000000
998169 1000000
998168 1000000
998167 1000000
998166 1000000
998165 1000000
998164 1000000
998163 1000000
998162 1000000
998161 1000000
998160 1000000
998159 1000000
998158 1000000
998157 1000000
998156 1000000
998155 1000000
998154 1000000
998153 1000000
998152 1000000
998151 1000000
998150 1000000
998149 1000000
998148 1000000
998147 1000000
998146 1000000
998145 1000000
998144 1000000
998143 1000000
998142 1000000
998141 1000000
998140 1000000
998139 1000000
998138 1000000
998137 1000000
998136 1000000
998135 1000000
998134 1000000
998133 1000000
998132 1000000
998131 1000000
998130 1000000
998129 1000000
998128 1000000
998127 1000000
998126 1000000
998125 1000000
998124 1000000
998123 1000000
998122 1000000
998121 1000000
998120 1000000
998119 1000000
998118 1000000
998117 1000000
998116 1000000
998115 1000000
998114 1000000
998113 1000000
998112 1000000
998111 1000000
998110 1000000
998109 1000000
998108 1000000
998107 1000000
998106 1000000
998105 1000000
998104 1000000
998103 1000000
998102 1000000
998101 1000000
998100 1000000
998099 1000000
998098 1000000
998097 1000000
998096 1000000
998095 1000000
998094 1000000
998093 1000000
998092 1000000
998091 1000000
998090 1000000
998089 1000000
998088 1000000
998087 1000000
998086 1000000
998085 1000000
998084 1000000
998083 1000000
998082 1000000
998081 1000000
998080 1000000
998079 1000000
998078 1000000
998077 1000000
998076 1000000
998075 1000000
998074 1000000
998073 1000000
998072 1000000
998071 1000000
998070 1000000
998069 1000000
998068 1000000
998067 1000000
998066 1000000
998065 1000000
998064 1000000
998063 1000000
998062 1000000
998061 1000000
998060 1000000
998059 1000000
998058 1000000
998057 1000000
998056 1000000
998055 1000000
998054 1000000
998053 1000000
998052 1000000
998051 1000000
998050 1000000
998049 1000000
998048 1000000
998047 1000000
998046 1000000
998045 1000000
998044 1000000
998043 1000000
998042 1000000
998041 1000000
998040 1000000
998039 1000000
998038 1000000
998037 1000000
998036 1000000
998035 1000000
998034 1000000
998033 1000000
998032 1000000
998031 1000000
998030 1000000
998029 1000000
998028 1000000
998027 1000000
998026 1000000
998025 1000000
998024 1000000
998023 1000000
998022 1000000
998021 1000000
998020 1000000
998019 1000000
998018 1000000
998017 1000000
998016 1000000
998015 1000000
998014 1000000
998013 1000000
998012 1000000
998011 1000000
998010 1000000
998009 1000000
998008 1000000
998007 1000000
998006 1000000
998005 1000000
998004 1000000
998003 1000000
998002 1000000
998001 1000000
998000 1000000
997999 1000000
997998 1000000
997997 1000000
997996 1000000
997995 1000000
997994 1000000
997993 1000000
997992 1000000
997991 1000000
997990 1000000
997989 1000000
997988 1000000
997987 1000000
997986 1000000
997985 1000000
997984 1000000
997983 1000000
997982 1000000
997981 1000000
997980 1000000
997979 1000000
997978 1000000
997977 1000000
997976 1000000
997975 1000000
997974 1000000
997973 1000000
997972 1000000
997971 1000000
997970 1000000
997969 1000000
997968 1000000
997967 1000000
997966 1000000
997965 1000000
997964 1000000
997963 1000000
997962 1000000
997961 1000000
997960 1000000
997959 1000000
997958 1000000
997957 1000000
997956 1000000
997955 1000000
997954 1000000
997953 1000000
997952 1000000
997951 1000000
997950 1000000
997949 1000000
997948 1000000
997947 1000000
997946 1000000
997945 1000000
997944 1000000
997943 1000000
997942 1000000
997941 1000000
997940 1000000
997939 1000000
997938 1000000
997937 1000000
997936 1000000
997935 1000000
997934 1000000
997933 1000000
997932 1000000
997931 1000000
997930 1000000
997929 1000000
997928 1000000
997927 1000000
997926 1000000
997925 1000000
997924 1000000
997923 1000000
997922 1000000
997921 1000000
997920 1000000
997919 1000000
997918 1000000
997917 1000000
997916 1000000
997915 1000000
997914 1000000
997913 1000000
997912 1000000
997911 1000000
997910 1000000
997909 1000000
997908 1000000
997907 1000000
997906 1000000
997905 1000000
997904 1000000
997903 1000000
997902 1000000
997901 1000000
997900 1000000
997899 1000000
997898 1000000
997897 1000000
997896 1000000
997895 1000000
997894 1000000
997893 1000000
997892 1000000
997891 1000000
997890 1000000
997889 1000000
997888 1000000
997887 1000000
997886 1000000
997885 1000000
997884 1000000
997883 1000000
997882 1000000
997881 1000000
997880 1000000
997879 1000000
997878 1000000
997877 1000000
997876 1000000
997875 1000000
997874 1000000
997873 1000000
997872 1000000
997871 1000000
997870 1000000
997869 1000000
997868 1000000
997867 1000000
997866 1000000
997865 1000000
997864 1000000
997863 1000000
997862 1000000
997861 1000000
997860 1000000
997859 1000000
997858 1000000
997857 1000000
997856 1000000
997855 1000000
997854 1000000
997853 1000000
997852 1000000
997851 1000000
997850 1000000
997849 1000000
997848 1000000
997847 1000000
997846 1000000
997845 1000000
997844 1000000
997843 1000000
997842 1000000
997841 1000000
997840 1000000
997839 1000000
997838 1000000
997837 1000000
997836 1000000
997835 1000000
997834 1000000
997833 1000000
997832 1000000
997831 1000000
997830 1000000
997829 1000000
997828 1000000
997827 1000000
997826 1000000
997825 1000000
997824 1000000
997823 1000000
997822 1000000
997821 1000000
997820 1000000
997819 1000000
997818 1000000
997817 1000000
997816 1000000
997815 1000000
997814 1000000
997813 1000000
997812 1000000
997811 1000000
997810 1000000
997809 1000000
997808 1000000
997807 1000000
997806 1000000
997805 1000000
997804 1000000
997803 1000000
997802 1000000
997801 1000000
997800 1000000
997799 1000000
997798 1000000
997797 1000000
997796 1000000
997795 1000000
997794 1000000
997793 1000000
997792 1000000
997791 1000000
997790 1000000
997789 1000000
997788 1000000
997787 1000000
997786 1000000
997785 1000000
997784 1000000
997783 1000000
997782 1000000
997781 1000000
997780 1000000
997779 1000000
997778 1000000
997777 1000000
997776 1000000
997775 1000000
997774 1000000
997773 1000000
997772 1000000
997771 1000000
997770 1000000
997769 1000000
997768 1000000
997767 1000000
997766 1000000
997765 1000000
997764 1000000
997763 1000000
997762 1000000
997761 1000000
997760 1000000
997759 1000000
997758 1000000
997757 1000000
997756 1000000
997755 1000000
997754 1000000
997753 1000000
997752 1000000
997751 1000000
997750 1000000
997749 1000000
997748 1000000
997747 1000000
997746 1000000
997745 1000000
997744 1000000
997743 1000000
997742 1000000
997741 1000000
997740 1000000
997739 1000000
997738 1000000
997737 1000000
997736 1000000
997735 1000000
997734 1000000
997733 1000000
997732 1000000
997731 1000000
997730 1000000
997729 1000000
997728 1000000
997727 1000000
997726 1000000
997725 1000000
997724 1000000
997723 1000000
997722 1000000
997721 1000000
997720 1000000
997719 1000000
997718 1000000
997717 1000000
997716 1000000
997715 1000000
997714 1000000
997713 1000000
997712 1000000
997711 1000000
997710 1000000
997709 1000000
997708 1000000
997707 1000000
997706 1000000
997705 1000000
997704 1000000
997703 1000000
997702 1000000
997701 1000000
997700 1000000
997699 1000000
997698 1000000
997697 1000000
997696 1000000
997695 1000000
997694 1000000
997693 1000000
997692 1000000
997691 1000000
997690 1000000
997689 1000000
997688 1000000
997687 1000000
997686 1000000
997685 1000000
997684 1000000
997683 1000000
997682 1000000
997681 1000000
997680 1000000
997679 1000000
997678 1000000
997677 1000000
997676 1000000
997675 1000000
997674 1000000
997673 1000000
997672 1000000
997671 1000000
997670 1000000
997669 1000000
997668 1000000
997667 1000000
997666 1000000
997665 1000000
997664 1000000
997663 1000000
997662 1000000
997661 1000000
997660 1000000
997659 1000000
997658 1000000
997657 1000000
997656 1000000
997655 1000000
997654 1000000
997653 1000000
997652 1000000
997651 1000000
997650 1000000
997649 1000000
997648 1000000
997647 1000000
997646 1000000
997645 1000000
997644 1000000
997643 1000000
997642 1000000
997641 1000000
997640 1000000
997639 1000000
997638 1000000
997637 1000000
997636 1000000
997635 1000000
997634 1000000
997633 1000000
997632 1000000
997631 1000000
997630 1000000
997629 1000000
997628 1000000
997627 1000000
997626 1000000
997625 1000000
997624 1000000
997623 1000000
997622 1000000
997621 1000000
997620 1000000
997619 1000000
997618 1000000
997617 1000000
997616 1000000
997615 1000000
997614 1000000
997613 1000000
997612 1000000
997611 1000000
997610 1000000
997609 1000000
997608 1000000
997607 1000000
997606 1000000
997605 1000000
997604 1000000
997603 1000000
997602 1000000
997601 1000000
997600 1000000
997599 1000000
997598 1000000
997597 1000000
997596 1000000
997595 1000000
997594 1000000
997593 1000000
997592 1000000
997591 1000000
997590 1000000
997589 1000000
997588 1000000
997587 1000000
997586 1000000
997585 1000000
997584 1000000
997583 1000000
997582 1000000
997581 1000000
997580 1000000
997579 1000000
997578 1000000
997577 1000000
997576 1000000
997575 1000000
997574 1000000
997573 1000000
997572 1000000
997571 1000000
997570 1000000
997569 1000000
997568 1000000
997567 1000000
997566 1000000
997565 1000000
997564 1000000
997563 1000000
997562 1000000
997561 1000000
997560 1000000
997559 1000000
997558 1000000
997557 1000000
997556 1000000
997555 1000000
997554 1000000
997553 1000000
997552 1000000
997551 1000000
997550 1000000
997549 1000000
997548 1000000
997547 1000000
997546 1000000
997545 1000000
997544 1000000
997543 1000000
997542 1000000
997541 1000000
997540 1000000
997539 1000000
997538 1000000
997537 1000000
997536 1000000
997535 1000000
997534 1000000
997533 1000000
997532 1000000
997531 1000000
997530 1000000
997529 1000000
997528 1000000
997527 1000000
997526 1000000
997525 1000000
997524 1000000
997523 1000000
997522 1000000
997521 1000000
997520 1000000
997519 1000000
997518 1000000
997517 1000000
997516 1000000
997515 1000000
997514 1000000
997513 1000000
997512 1000000
997511 1000000
997510 1000000
997509 1000000
997508 1000000
997507 1000000
997506 1000000
997505 1000000
997504 1000000
997503 1000000
997502 1000000
997501 1000000
997500 1000000
997499 1000000
997498 1000000
997497 1000000
997496 1000000
997495 1000000
997494 1000000
997493 1000000
997492 1000000
997491 1000000
997490 1000000
997489 1000000
997488 1000000
997487 1000000
997486 1000000
997485 1000000
997484 1000000
997483 1000000
997482 1000000
997481 1000000
997480 1000000
997479 1000000
997478 1000000
997477 1000000
997476 1000000
997475 1000000
997474 1000000
997473 1000000
997472 1000000
997471 1000000
997470 1000000
997469 1000000
997468 1000000
997467 1000000
997466 1000000
997465 1000000
997464 1000000
997463 1000000
997462 1000000
997461 1000000
997460 1000000
997459 1000000
997458 1000000
997457 1000000
997456 1000000
997455 1000000
997454 1000000
997453 1000000
997452 1000000
997451 1000000
997450 1000000
997449 1000000
997448 1000000
997447 1000000
997446 1000000
997445 1000000
997444 1000000
997443 1000000
997442 1000000
997441 1000000
997440 1000000
997439 1000000
997438 1000000
997437 1000000
997436 1000000
997435 1000000
997434 1000000
997433 1000000
997432 1000000
997431 1000000
997430 1000000
997429 1000000
997428 1000000
997427 1000000
997426 1000000
997425 1000000
997424 1000000
997423 1000000
997422 1000000
997421 1000000
997420 1000000
997419 1000000
997418 1000000
997417 1000000
997416 1000000
997415 1000000
997414 1000000
997413 1000000
997412 1000000
997411 1000000
997410 1000000
997409 1000000
997408 1000000
997407 1000000
997406 1000000
997405 1000000
997404 1000000
997403 1000000
997402 1000000
997401 1000000
997400 1000000
997399 1000000
997398 1000000
997397 1000000
997396 1000000
997395 1000000
997394 1000000
997393 1000000
997392 1000000
997391 1000000
997390 1000000
997389 1000000
997388 1000000
997387 1000000
997386 1000000
997385 1000000
997384 1000000
997383 1000000
997382 1000000
997381 1000000
997380 1000000
997379 1000000
997378 1000000
997377 1000000
997376 1000000
997375 1000000
997374 1000000
997373 1000000
997372 1000000
997371 1000000
997370 1000000
997369 1000000
997368 1000000
997367 1000000
997366 1000000
997365 1000000
997364 1000000
997363 1000000
997362 1000000
997361 1000000
997360 1000000
997359 1000000
997358 1000000
997357 1000000
997356 1000000
997355 1000000
997354 1000000
997353 1000000
997352 1000000
997351 1000000
997350 1000000
997349 1000000
997348 1000000
997347 1000000
997346 1000000
997345 1000000
997344 1000000
997343 1000000
997342 1000000
997341 1000000
997340 1000000
997339 1000000
997338 1000000
997337 1000000
997336 1000000
997335 1000000
997334 1000000
997333 1000000
997332 1000000
997331 1000000
997330 1000000
997329 1000000
997328 1000000
997327 1000000
997326 1000000
997325 1000000
997324 1000000
997323 1000000
997322 1000000
997321 1000000
997320 1000000
997319 1000000
997318 1000000
997317 1000000
997316 1000000
997315 1000000
997314 1000000
997313 1000000
997312 1000000
997311 1000000
997310 1000000
997309 1000000
997308 1000000
997307 1000000
997306 1000000
997305 1000000
997304 1000000
997303 1000000
997302 1000000
997301 1000000
997300 1000000
997299 1000000
997298 1000000
997297 1000000
997296 1000000
997295 1000000
997294 1000000
997293 1000000
997292 1000000
997291 1000000
997290 1000000
997289 1000000
997288 1000000
997287 1000000
997286 1000000
997285 1000000
997284 1000000
997283 1000000
997282 1000000
997281 1000000
997280 1000000
997279 1000000
997278 1000000
997277 1000000
997276 1000000
997275 1000000
997274 1000000
997273 1000000
997272 1000000
997271 1000000
997270 1000000
997269 1000000
997268 1000000
997267 1000000
997266 1000000
997265 1000000
997264 1000000
997263 1000000
997262 1000000
997261 1000000
997260 1000000
997259 1000000
997258 1000000
997257 1000000
997256 1000000
997255 1000000
997254 1000000
997253 1000000
997252 1000000
997251 1000000
997250 1000000
997249 1000000
997248 1000000
997247 1000000
997246 1000000
997245 1000000
997244 1000000
997243 1000000
997242 1000000
997241 1000000
997240 1000000
997239 1000000
997238 1000000
997237 1000000
997236 1000000
997235 1000000
997234 1000000
997233 1000000
997232 1000000
997231 1000000
997230 1000000
997229 1000000
997228 1000000
997227 1000000
997226 1000000
997225 1000000
997224 1000000
997223 1000000
997222 1000000
997221 1000000
997220 1000000
997219 1000000
997218 1000000
997217 1000000
997216 1000000
997215 1000000
997214 1000000
997213 1000000
997212 1000000
997211 1000000
997210 1000000
997209 1000000
997208 1000000
997207 1000000
997206 1000000
997205 1000000
997204 1000000
997203 1000000
997202 1000000
997201 1000000
997200 1000000
997199 1000000
997198 1000000
997197 1000000
997196 1000000
997195 1000000
997194 1000000
997193 1000000
997192 1000000
997191 1000000
997190 1000000
997189 1000000
997188 1000000
997187 1000000
997186 1000000
997185 1000000
997184 1000000
997183 1000000
997182 1000000
997181 1000000
997180 1000000
997179 1000000
997178 1000000
997177 1000000
997176 1000000
997175 1000000
997174 1000000
997173 1000000
997172 1000000
997171 1000000
997170 1000000
997169 1000000
997168 1000000
997167 1000000
997166 1000000
997165 1000000
997164 1000000
997163 1000000
997162 1000000
997161 1000000
997160 1000000
997159 1000000
997158 1000000
997157 1000000
997156 1000000
997155 1000000
997154 1000000
997153 1000000
997152 1000000
997151 1000000
997150 1000000
997149 1000000
997148 1000000
997147 1000000
997146 1000000
997145 1000000
997144 1000000
997143 1000000
997142 1000000
997141 1000000
997140 1000000
997139 1000000
997138 1000000
997137 1000000
997136 1000000
997135 1000000
997134 1000000
997133 1000000
997132 1000000
997131 1000000
997130 1000000
997129 1000000
997128 1000000
997127 1000000
997126 1000000
997125 1000000
997124 1000000
997123 1000000
997122 1000000
997121 1000000
997120 1000000
997119 1000000
997118 1000000
997117 1000000
997116 1000000
997115 1000000
997114 1000000
997113 1000000
997112 1000000
997111 1000000
997110 1000000
997109 1000000
997108 1000000
997107 1000000
997106 1000000
997105 1000000
997104 1000000
997103 1000000
997102 1000000
997101 1000000
997100 1000000
997099 1000000
997098 1000000
997097 1000000
997096 1000000
997095 1000000
997094 1000000
997093 1000000
997092 1000000
997091 1000000
997090 1000000
997089 1000000
997088 1000000
997087 1000000
997086 1000000
997085 1000000
997084 1000000
997083 1000000
997082 1000000
997081 1000000
997080 1000000
997079 1000000
997078 1000000
997077 1000000
997076 1000000
997075 1000000
997074 1000000
997073 1000000
997072 1000000
997071 1000000
997070 1000000
997069 1000000
997068 1000000
997067 1000000
997066 1000000
997065 1000000
997064 1000000
997063 1000000
997062 1000000
997061 1000000
997060 1000000
997059 1000000
997058 1000000
997057 1000000
997056 1000000
997055 1000000
997054 1000000
997053 1000000
997052 1000000
997051 1000000
997050 1000000
997049 1000000
997048 1000000
997047 1000000
997046 1000000
997045 1000000
997044 1000000
997043 1000000
997042 1000000
997041 1000000
997040 1000000
997039 1000000
997038 1000000
997037 1000000
997036 1000000
997035 1000000
997034 1000000
997033 1000000
997032 1000000
997031 1000000
997030 1000000
997029 1000000
997028 1000000
997027 1000000
997026 1000000
997025 1000000
997024 1000000
997023 1000000
997022 1000000
997021 1000000
997020 1000000
997019 1000000
997018 1000000
997017 1000000
997016 1000000
997015 1000000
997014 1000000
997013 1000000
997012 1000000
997011 1000000
997010 1000000
997009 1000000
997008 1000000
997007 1000000
997006 1000000
997005 1000000
997004 1000000
997003 1000000
997002 1000000
997001 1000000
997000 1000000
996999 1000000
996998 1000000
996997 1000000
996996 1000000
996995 1000000
996994 1000000
996993 1000000
996992 1000000
996991 1000000
996990 1000000
996989 1000000
996988 1000000
996987 1000000
996986 1000000
996985 1000000
996984 1000000
996983 1000000
996982 1000000
996981 1000000
996980 1000000
996979 1000000
996978 1000000
996977 1000000
996976 1000000
996975 1000000
996974 1000000
996973 1000000
996972 1000000
996971 1000000
996970 1000000
996969 1000000
996968 1000000
996967 1000000
996966 1000000
996965 1000000
996964 1000000
996963 1000000
996962 1000000
996961 1000000
996960 1000000
996959 1000000
996958 1000000
996957 1000000
996956 1000000
996955 1000000
996954 1000000
996953 1000000
996952 1000000
996951 1000000
996950 1000000
996949 1000000
996948 1000000
996947 1000000
996946 1000000
996945 1000000
996944 1000000
996943 1000000
996942 1000000
996941 1000000
996940 1000000
996939 1000000
996938 1000000
996937 1000000
996936 1000000
996935 1000000
996934 1000000
996933 1000000
996932 1000000
996931 1000000
996930 1000000
996929 1000000
996928 1000000
996927 1000000
996926 1000000
996925 1000000
996924 1000000
996923 1000000
996922 1000000
996921 1000000
996920 1000000
996919 1000000
996918 1000000
996917 1000000
996916 1000000
996915 1000000
996914 1000000
996913 1000000
996912 1000000
996911 1000000
996910 1000000
996909 1000000
996908 1000000
996907 1000000
996906 1000000
996905 1000000
996904 1000000
996903 1000000
996902 1000000
996901 1000000
996900 1000000
996899 1000000
996898 1000000
996897 1000000
996896 1000000
996895 1000000
996894 1000000
996893 1000000
996892 1000000
996891 1000000
996890 1000000
996889 1000000
996888 1000000
996887 1000000
996886 1000000
996885 1000000
996884 1000000
996883 1000000
996882 1000000
996881 1000000
996880 1000000
996879 1000000
996878 1000000
996877 1000000
996876 1000000
996875 1000000
996874 1000000
996873 1000000
996872 1000000
996871 1000000
996870 1000000
996869 1000000
996868 1000000
996867 1000000
996866 1000000
996865 1000000
996864 1000000
996863 1000000
996862 1000000
996861 1000000
996860 1000000
996859 1000000
996858 1000000
996857 1000000
996856 1000000
996855 1000000
996854 1000000
996853 1000000
996852 1000000
996851 1000000
996850 1000000
996849 1000000
996848 1000000
996847 1000000
996846 1000000
996845 1000000
996844 1000000
996843 1000000
996842 1000000
996841 1000000
996840 1000000
996839 1000000
996838 1000000
996837 1000000
996836 1000000
996835 1000000
996834 1000000
996833 1000000
996832 1000000
996831 1000000
996830 1000000
996829 1000000
996828 1000000
996827 1000000
996826 1000000
996825 1000000
996824 1000000
996823 1000000
996822 1000000
996821 1000000
996820 1000000
996819 1000000
996818 1000000
996817 1000000
996816 1000000
996815 1000000
996814 1000000
996813 1000000
996812 1000000
996811 1000000
996810 1000000
996809 1000000
996808 1000000
996807 1000000
996806 1000000
996805 1000000
996804 1000000
996803 1000000
996802 1000000
996801 1000000
996800 1000000
996799 1000000
996798 1000000
996797 1000000
996796 1000000
996795 1000000
996794 1000000
996793 1000000
996792 1000000
996791 1000000
996790 1000000
996789 1000000
996788 1000000
996787 1000000
996786 1000000
996785 1000000
996784 1000000
996783 1000000
996782 1000000
996781 1000000
996780 1000000
996779 1000000
996778 1000000
996777 1000000
996776 1000000
996775 1000000
996774 1000000
996773 1000000
996772 1000000
996771 1000000
996770 1000000
996769 1000000
996768 1000000
996767 1000000
996766 1000000
996765 1000000
996764 1000000
996763 1000000
996762 1000000
996761 1000000
996760 1000000
996759 1000000
996758 1000000
996757 1000000
996756 1000000
996755 1000000
996754 1000000
996753 1000000
996752 1000000
996751 1000000
996750 1000000
996749 1000000
996748 1000000
996747 1000000
996746 1000000
996745 1000000
996744 1000000
996743 1000000
996742 1000000
996741 1000000
996740 1000000
996739 1000000
996738 1000000
996737 1000000
996736 1000000
996735 1000000
996734 1000000
996733 1000000
996732 1000000
996731 1000000
996730 1000000
996729 1000000
996728 1000000
996727 1000000
996726 1000000
996725 1000000
996724 1000000
996723 1000000
996722 1000000
996721 1000000
996720 1000000
996719 1000000
996718 1000000
996717 1000000
996716 1000000
996715 1000000
996714 1000000
996713 1000000
996712 1000000
996711 1000000
996710 1000000
996709 1000000
996708 1000000
996707 1000000
996706 1000000
996705 1000000
996704 1000000
996703 1000000
996702 1000000
996701 1000000
996700 1000000
996699 1000000
996698 1000000
996697 1000000
996696 1000000
996695 1000000
996694 1000000
996693 1000000
996692 1000000
996691 1000000
996690 1000000
996689 1000000
996688 1000000
996687 1000000
996686 1000000
996685 1000000
996684 1000000
996683 1000000
996682 1000000
996681 1000000
996680 1000000
996679 1000000
996678 1000000
996677 1000000
996676 1000000
996675 1000000
996674 1000000
996673 1000000
996672 1000000
996671 1000000
996670 1000000
996669 1000000
996668 1000000
996667 1000000
996666 1000000
996665 1000000
996664 1000000
996663 1000000
996662 1000000
996661 1000000
996660 1000000
996659 1000000
996658 1000000
996657 1000000
996656 1000000
996655 1000000
996654 1000000
996653 1000000
996652 1000000
996651 1000000
996650 1000000
996649 1000000
996648 1000000
996647 1000000
996646 1000000
996645 1000000
996644 1000000
996643 1000000
996642 1000000
996641 1000000
996640 1000000
996639 1000000
996638 1000000
996637 1000000
996636 1000000
996635 1000000
996634 1000000
996633 1000000
996632 1000000
996631 1000000
996630 1000000
996629 1000000
996628 1000000
996627 1000000
996626 1000000
996625 1000000
996624 1000000
996623 1000000
996622 1000000
996621 1000000
996620 1000000
996619 1000000
996618 1000000
996617 1000000
996616 1000000
996615 1000000
996614 1000000
996613 1000000
996612 1000000
996611 1000000
996610 1000000
996609 1000000
996608 1000000
996607 1000000
996606 1000000
996605 1000000
996604 1000000
996603 1000000
996602 1000000
996601 1000000
996600 1000000
996599 1000000
996598 1000000
996597 1000000
996596 1000000
996595 1000000
996594 1000000
996593 1000000
996592 1000000
996591 1000000
996590 1000000
996589 1000000
996588 1000000
996587 1000000
996586 1000000
996585 1000000
996584 1000000
996583 1000000
996582 1000000
996581 1000000
996580 1000000
996579 1000000
996578 1000000
996577 1000000
996576 1000000
996575 1000000
996574 1000000
996573 1000000
996572 1000000
996571 1000000
996570 1000000
996569 1000000
996568 1000000
996567 1000000
996566 1000000
996565 1000000
996564 1000000
996563 1000000
996562 1000000
996561 1000000
996560 1000000
996559 1000000
996558 1000000
996557 1000000
996556 1000000
996555 1000000
996554 1000000
996553 1000000
996552 1000000
996551 1000000
996550 1000000
996549 1000000
996548 1000000
996547 1000000
996546 1000000
996545 1000000
996544 1000000
996543 1000000
996542 1000000
996541 1000000
996540 1000000
996539 1000000
996538 1000000
996537 1000000
996536 1000000
996535 1000000
996534 1000000
996533 1000000
996532 1000000
996531 1000000
996530 1000000
996529 1000000
996528 1000000
996527 1000000
996526 1000000
996525 1000000
996524 1000000
996523 1000000
996522 1000000
996521 1000000
996520 1000000
996519 1000000
996518 1000000
996517 1000000
996516 1000000
996515 1000000
996514 1000000
996513 1000000
996512 1000000
996511 1000000
996510 1000000
996509 1000000
996508 1000000
996507 1000000
996506 1000000
996505 1000000
996504 1000000
996503 1000000
996502 1000000
996501 1000000
996500 1000000
996499 1000000
996498 1000000
996497 1000000
996496 1000000
996495 1000000
996494 1000000
996493 1000000
996492 1000000
996491 1000000
996490 1000000
996489 1000000
996488 1000000
996487 1000000
996486 1000000
996485 1000000
996484 1000000
996483 1000000
996482 1000000
996481 1000000
996480 1000000
996479 1000000
996478 1000000
996477 1000000
996476 1000000
996475 1000000
996474 1000000
996473 1000000
996472 1000000
996471 1000000
996470 1000000
996469 1000000
996468 1000000
996467 1000000
996466 1000000
996465 1000000
996464 1000000
996463 1000000
996462 1000000
996461 1000000
996460 1000000
996459 1000000
996458 1000000
996457 1000000
996456 1000000
996455 1000000
996454 1000000
996453 1000000
996452 1000000
996451 1000000
996450 1000000
996449 1000000
996448 1000000
996447 1000000
996446 1000000
996445 1000000
996444 1000000
996443 1000000
996442 1000000
996441 1000000
996440 1000000
996439 1000000
996438 1000000
996437 1000000
996436 1000000
996435 1000000
996434 1000000
996433 1000000
996432 1000000
996431 1000000
996430 1000000
996429 1000000
996428 1000000
996427 1000000
996426 1000000
996425 1000000
996424 1000000
996423 1000000
996422 1000000
996421 1000000
996420 1000000
996419 1000000
996418 1000000
996417 1000000
996416 1000000
996415 1000000
996414 1000000
996413 1000000
996412 1000000
996411 1000000
996410 1000000
996409 1000000
996408 1000000
996407 1000000
996406 1000000
996405 1000000
996404 1000000
996403 1000000
996402 1000000
996401 1000000
996400 1000000
996399 1000000
996398 1000000
996397 1000000
996396 1000000
996395 1000000
996394 1000000
996393 1000000
996392 1000000
996391 1000000
996390 1000000
996389 1000000
996388 1000000
996387 1000000
996386 1000000
996385 1000000
996384 1000000
996383 1000000
996382 1000000
996381 1000000
996380 1000000
996379 1000000
996378 1000000
996377 1000000
996376 1000000
996375 1000000
996374 1000000
996373 1000000
996372 1000000
996371 1000000
996370 1000000
996369 1000000
996368 1000000
996367 1000000
996366 1000000
996365 1000000
996364 1000000
996363 1000000
996362 1000000
996361 1000000
996360 1000000
996359 1000000
996358 1000000
996357 1000000
996356 1000000
996355 1000000
996354 1000000
996353 1000000
996352 1000000
996351 1000000
996350 1000000
996349 1000000
996348 1000000
996347 1000000
996346 1000000
996345 1000000
996344 1000000
996343 1000000
996342 1000000
996341 1000000
996340 1000000
996339 1000000
996338 1000000
996337 1000000
996336 1000000
996335 1000000
996334 1000000
996333 1000000
996332 1000000
996331 1000000
996330 1000000
996329 1000000
996328 1000000
996327 1000000
996326 1000000
996325 1000000
996324 1000000
996323 1000000
996322 1000000
996321 1000000
996320 1000000
996319 1000000
996318 1000000
996317 1000000
996316 1000000
996315 1000000
996314 1000000
996313 1000000
996312 1000000
996311 1000000
996310 1000000
996309 1000000
996308 1000000
996307 1000000
996306 1000000
996305 1000000
996304 1000000
996303 1000000
996302 1000000
996301 1000000
996300 1000000
996299 1000000
996298 1000000
996297 1000000
996296 1000000
996295 1000000
996294 1000000
996293 1000000
996292 1000000
996291 1000000
996290 1000000
996289 1000000
996288 1000000
996287 1000000
996286 1000000
996285 1000000
996284 1000000
996283 1000000
996282 1000000
996281 1000000
996280 1000000
996279 1000000
996278 1000000
996277 1000000
996276 1000000
996275 1000000
996274 1000000
996273 1000000
996272 1000000
996271 1000000
996270 1000000
996269 1000000
996268 1000000
996267 1000000
996266 1000000
996265 1000000
996264 1000000
996263 1000000
996262 1000000
996261 1000000
996260 1000000
996259 1000000
996258 1000000
996257 1000000
996256 1000000
996255 1000000
996254 1000000
996253 1000000
996252 1000000
996251 1000000
996250 1000000
996249 1000000
996248 1000000
996247 1000000
996246 1000000
996245 1000000
996244 1000000
996243 1000000
996242 1000000
996241 1000000
996240 1000000
996239 1000000
996238 1000000
996237 1000000
996236 1000000
996235 1000000
996234 1000000
996233 1000000
996232 1000000
996231 1000000
996230 1000000
996229 1000000
996228 1000000
996227 1000000
996226 1000000
996225 1000000
996224 1000000
996223 1000000
996222 1000000
996221 1000000
996220 1000000
996219 1000000
996218 1000000
996217 1000000
996216 1000000
996215 1000000
996214 1000000
996213 1000000
996212 1000000
996211 1000000
996210 1000000
996209 1000000
996208 1000000
996207 1000000
996206 1000000
996205 1000000
996204 1000000
996203 1000000
996202 1000000
996201 1000000
996200 1000000
996199 1000000
996198 1000000
996197 1000000
996196 1000000
996195 1000000
996194 1000000
996193 1000000
996192 1000000
996191 1000000
996190 1000000
996189 1000000
996188 1000000
996187 1000000
996186 1000000
996185 1000000
996184 1000000
996183 1000000
996182 1000000
996181 1000000
996180 1000000
996179 1000000
996178 1000000
996177 1000000
996176 1000000
996175 1000000
996174 1000000
996173 1000000
996172 1000000
996171 1000000
996170 1000000
996169 1000000
996168 1000000
996167 1000000
996166 1000000
996165 1000000
996164 1000000
996163 1000000
996162 1000000
996161 1000000
996160 1000000
996159 1000000
996158 1000000
996157 1000000
996156 1000000
996155 1000000
996154 1000000
996153 1000000
996152 1000000
996151 1000000
996150 1000000
996149 1000000
996148 1000000
996147 1000000
996146 1000000
996145 1000000
996144 1000000
996143 1000000
996142 1000000
996141 1000000
996140 1000000
996139 1000000
996138 1000000
996137 1000000
996136 1000000
996135 1000000
996134 1000000
996133 1000000
996132 1000000
996131 1000000
996130 1000000
996129 1000000
996128 1000000
996127 1000000
996126 1000000
996125 1000000
996124 1000000
996123 1000000
996122 1000000
996121 1000000
996120 1000000
996119 1000000
996118 1000000
996117 1000000
996116 1000000
996115 1000000
996114 1000000
996113 1000000
996112 1000000
996111 1000000
996110 1000000
996109 1000000
996108 1000000
996107 1000000
996106 1000000
996105 1000000
996104 1000000
996103 1000000
996102 1000000
996101 1000000
996100 1000000
996099 1000000
996098 1000000
996097 1000000
996096 1000000
996095 1000000
996094 1000000
996093 1000000
996092 1000000
996091 1000000
996090 1000000
996089 1000000
996088 1000000
996087 1000000
996086 1000000
996085 1000000
996084 1000000
996083 1000000
996082 1000000
996081 1000000
996080 1000000
996079 1000000
996078 1000000
996077 1000000
996076 1000000
996075 1000000
996074 1000000
996073 1000000
996072 1000000
996071 1000000
996070 1000000
996069 1000000
996068 1000000
996067 1000000
996066 1000000
996065 1000000
996064 1000000
996063 1000000
996062 1000000
996061 1000000
996060 1000000
996059 1000000
996058 1000000
996057 1000000
996056 1000000
996055 1000000
996054 1000000
996053 1000000
996052 1000000
996051 1000000
996050 1000000
996049 1000000
996048 1000000
996047 1000000
996046 1000000
996045 1000000
996044 1000000
996043 1000000
996042 1000000
996041 1000000
996040 1000000
996039 1000000
996038 1000000
996037 1000000
996036 1000000
996035 1000000
996034 1000000
996033 1000000
996032 1000000
996031 1000000
996030 1000000
996029 1000000
996028 1000000
996027 1000000
996026 1000000
996025 1000000
996024 1000000
996023 1000000
996022 1000000
996021 1000000
996020 1000000
996019 1000000
996018 1000000
996017 1000000
996016 1000000
996015 1000000
996014 1000000
996013 1000000
996012 1000000
996011 1000000
996010 1000000
996009 1000000
996008 1000000
996007 1000000
996006 1000000
996005 1000000
996004 1000000
996003 1000000
996002 1000000
996001 1000000
996000 1000000
995999 1000000
995998 1000000
995997 1000000
995996 1000000
995995 1000000
995994 1000000
995993 1000000
995992 1000000
995991 1000000
995990 1000000
995989 1000000
995988 1000000
995987 1000000
995986 1000000
995985 1000000
995984 1000000
995983 1000000
995982 1000000
995981 1000000
995980 1000000
995979 1000000
995978 1000000
995977 1000000
995976 1000000
995975 1000000
995974 1000000
995973 1000000
995972 1000000
995971 1000000
995970 1000000
995969 1000000
995968 1000000
995967 1000000
995966 1000000
995965 1000000
995964 1000000
995963 1000000
995962 1000000
995961 1000000
995960 1000000
995959 1000000
995958 1000000
995957 1000000
995956 1000000
995955 1000000
995954 1000000
995953 1000000
995952 1000000
995951 1000000
995950 1000000
995949 1000000
995948 1000000
995947 1000000
995946 1000000
995945 1000000
995944 1000000
995943 1000000
995942 1000000
995941 1000000
995940 1000000
995939 1000000
995938 1000000
995937 1000000
995936 1000000
995935 1000000
995934 1000000
995933 1000000
995932 1000000
995931 1000000
995930 1000000
995929 1000000
995928 1000000
995927 1000000
995926 1000000
995925 1000000
995924 1000000
995923 1000000
995922 1000000
995921 1000000
995920 1000000
995919 1000000
995918 1000000
995917 1000000
995916 1000000
995915 1000000
995914 1000000
995913 1000000
995912 1000000
995911 1000000
995910 1000000
995909 1000000
995908 1000000
995907 1000000
995906 1000000
995905 1000000
995904 1000000
995903 1000000
995902 1000000
995901 1000000
995900 1000000
995899 1000000
995898 1000000
995897 1000000
995896 1000000
995895 1000000
995894 1000000
995893 1000000
995892 1000000
995891 1000000
995890 1000000
995889 1000000
995888 1000000
995887 1000000
995886 1000000
995885 1000000
995884 1000000
995883 1000000
995882 1000000
995881 1000000
995880 1000000
995879 1000000
995878 1000000
995877 1000000
995876 1000000
995875 1000000
995874 1000000
995873 1000000
995872 1000000
995871 1000000
995870 1000000
995869 1000000
995868 1000000
995867 1000000
995866 1000000
995865 1000000
995864 1000000
995863 1000000
995862 1000000
995861 1000000
995860 1000000
995859 1000000
995858 1000000
995857 1000000
995856 1000000
995855 1000000
995854 1000000
995853 1000000
995852 1000000
995851 1000000
995850 1000000
995849 1000000
995848 1000000
995847 1000000
995846 1000000
995845 1000000
995844 1000000
995843 1000000
995842 1000000
995841 1000000
995840 1000000
995839 1000000
995838 1000000
995837 1000000
995836 1000000
995835 1000000
995834 1000000
995833 1000000
995832 1000000
995831 1000000
995830 1000000
995829 1000000
995828 1000000
995827 1000000
995826 1000000
995825 1000000
995824 1000000
995823 1000000
995822 1000000
995821 1000000
995820 1000000
995819 1000000
995818 1000000
995817 1000000
995816 1000000
995815 1000000
995814 1000000
995813 1000000
995812 1000000
995811 1000000
995810 1000000
995809 1000000
995808 1000000
995807 1000000
995806 1000000
995805 1000000
995804 1000000
995803 1000000
995802 1000000
995801 1000000
995800 1000000
995799 1000000
995798 1000000
995797 1000000
995796 1000000
995795 1000000
995794 1000000
995793 1000000
995792 1000000
995791 1000000
995790 1000000
995789 1000000
995788 1000000
995787 1000000
995786 1000000
995785 1000000
995784 1000000
995783 1000000
995782 1000000
995781 1000000
995780 1000000
995779 1000000
995778 1000000
995777 1000000
995776 1000000
995775 1000000
995774 1000000
995773 1000000
995772 1000000
995771 1000000
995770 1000000
995769 1000000
995768 1000000
995767 1000000
995766 1000000
995765 1000000
995764 1000000
995763 1000000
995762 1000000
995761 1000000
995760 1000000
995759 1000000
995758 1000000
995757 1000000
995756 1000000
995755 1000000
995754 1000000
995753 1000000
995752 1000000
995751 1000000
995750 1000000
995749 1000000
995748 1000000
995747 1000000
995746 1000000
995745 1000000
995744 1000000
995743 1000000
995742 1000000
995741 1000000
995740 1000000
995739 1000000
995738 1000000
995737 1000000
995736 1000000
995735 1000000
995734 1000000
995733 1000000
995732 1000000
995731 1000000
995730 1000000
995729 1000000
995728 1000000
995727 1000000
995726 1000000
995725 1000000
995724 1000000
995723 1000000
995722 1000000
995721 1000000
995720 1000000
995719 1000000
995718 1000000
995717 1000000
995716 1000000
995715 1000000
995714 1000000
995713 1000000
995712 1000000
995711 1000000
995710 1000000
995709 1000000
995708 1000000
995707 1000000
995706 1000000
995705 1000000
995704 1000000
995703 1000000
995702 1000000
995701 1000000
995700 1000000
995699 1000000
995698 1000000
995697 1000000
995696 1000000
995695 1000000
995694 1000000
995693 1000000
995692 1000000
995691 1000000
995690 1000000
995689 1000000
995688 1000000
995687 1000000
995686 1000000
995685 1000000
995684 1000000
995683 1000000
995682 1000000
995681 1000000
995680 1000000
995679 1000000
995678 1000000
995677 1000000
995676 1000000
995675 1000000
995674 1000000
995673 1000000
995672 1000000
995671 1000000
995670 1000000
995669 1000000
995668 1000000
995667 1000000
995666 1000000
995665 1000000
995664 1000000
995663 1000000
995662 1000000
995661 1000000
995660 1000000
995659 1000000
995658 1000000
995657 1000000
995656 1000000
995655 1000000
995654 1000000
995653 1000000
995652 1000000
995651 1000000
995650 1000000
995649 1000000
995648 1000000
995647 1000000
995646 1000000
995645 1000000
995644 1000000
995643 1000000
995642 1000000
995641 1000000
995640 1000000
995639 1000000
995638 1000000
995637 1000000
995636 1000000
995635 1000000
995634 1000000
995633 1000000
995632 1000000
995631 1000000
995630 1000000
995629 1000000
995628 1000000
995627 1000000
995626 1000000
995625 1000000
995624 1000000
995623 1000000
995622 1000000
995621 1000000
995620 1000000
995619 1000000
995618 1000000
995617 1000000
995616 1000000
995615 1000000
995614 1000000
995613 1000000
995612 1000000
995611 1000000
995610 1000000
995609 1000000
995608 1000000
995607 1000000
995606 1000000
995605 1000000
995604 1000000
995603 1000000
995602 1000000
995601 1000000
995600 1000000
995599 1000000
995598 1000000
995597 1000000
995596 1000000
995595 1000000
995594 1000000
995593 1000000
995592 1000000
995591 1000000
995590 1000000
995589 1000000
995588 1000000
995587 1000000
995586 1000000
995585 1000000
995584 1000000
995583 1000000
995582 1000000
995581 1000000
995580 1000000
995579 1000000
995578 1000000
995577 1000000
995576 1000000
995575 1000000
995574 1000000
995573 1000000
995572 1000000
995571 1000000
995570 1000000
995569 1000000
995568 1000000
995567 1000000
995566 1000000
995565 1000000
995564 1000000
995563 1000000
995562 1000000
995561 1000000
995560 1000000
995559 1000000
995558 1000000
995557 1000000
995556 1000000
995555 1000000
995554 1000000
995553 1000000
995552 1000000
995551 1000000
995550 1000000
995549 1000000
995548 1000000
995547 1000000
995546 1000000
995545 1000000
995544 1000000
995543 1000000
995542 1000000
995541 1000000
995540 1000000
995539 1000000
995538 1000000
995537 1000000
995536 1000000
995535 1000000
995534 1000000
995533 1000000
995532 1000000
995531 1000000
995530 1000000
995529 1000000
995528 1000000
995527 1000000
995526 1000000
995525 1000000
995524 1000000
995523 1000000
995522 1000000
995521 1000000
995520 1000000
995519 1000000
995518 1000000
995517 1000000
995516 1000000
995515 1000000
995514 1000000
995513 1000000
995512 1000000
995511 1000000
995510 1000000
995509 1000000
995508 1000000
995507 1000000
995506 1000000
995505 1000000
995504 1000000
995503 1000000
995502 1000000
995501 1000000
995500 1000000
995499 1000000
995498 1000000
995497 1000000
995496 1000000
995495 1000000
995494 1000000
995493 1000000
995492 1000000
995491 1000000
995490 1000000
995489 1000000
995488 1000000
995487 1000000
995486 1000000
995485 1000000
995484 1000000
995483 1000000
995482 1000000
995481 1000000
995480 1000000
995479 1000000
995478 1000000
995477 1000000
995476 1000000
995475 1000000
995474 1000000
995473 1000000
995472 1000000
995471 1000000
995470 1000000
995469 1000000
995468 1000000
995467 1000000
995466 1000000
995465 1000000
995464 1000000
995463 1000000
995462 1000000
995461 1000000
995460 1000000
995459 1000000
995458 1000000
995457 1000000
995456 1000000
995455 1000000
995454 1000000
995453 1000000
995452 1000000
995451 1000000
995450 1000000
995449 1000000
995448 1000000
995447 1000000
995446 1000000
995445 1000000
995444 1000000
995443 1000000
995442 1000000
995441 1000000
995440 1000000
995439 1000000
995438 1000000
995437 1000000
995436 1000000
995435 1000000
995434 1000000
995433 1000000
995432 1000000
995431 1000000
995430 1000000
995429 1000000
995428 1000000
995427 1000000
995426 1000000
995425 1000000
995424 1000000
995423 1000000
995422 1000000
995421 1000000
995420 1000000
995419 1000000
995418 1000000
995417 1000000
995416 1000000
995415 1000000
995414 1000000
995413 1000000
995412 1000000
995411 1000000
995410 1000000
995409 1000000
995408 1000000
995407 1000000
995406 1000000
995405 1000000
995404 1000000
995403 1000000
995402 1000000
995401 1000000
995400 1000000
995399 1000000
995398 1000000
995397 1000000
995396 1000000
995395 1000000
995394 1000000
995393 1000000
995392 1000000
995391 1000000
995390 1000000
995389 1000000
995388 1000000
995387 1000000
995386 1000000
995385 1000000
995384 1000000
995383 1000000
995382 1000000
995381 1000000
995380 1000000
995379 1000000
995378 1000000
995377 1000000
995376 1000000
995375 1000000
995374 1000000
995373 1000000
995372 1000000
995371 1000000
995370 1000000
995369 1000000
995368 1000000
995367 1000000
995366 1000000
995365 1000000
995364 1000000
995363 1000000
995362 1000000
995361 1000000
995360 1000000
995359 1000000
995358 1000000
995357 1000000
995356 1000000
995355 1000000
995354 1000000
995353 1000000
995352 1000000
995351 1000000
995350 1000000
995349 1000000
995348 1000000
995347 1000000
995346 1000000
995345 1000000
995344 1000000
995343 1000000
995342 1000000
995341 1000000
995340 1000000
995339 1000000
995338 1000000
995337 1000000
995336 1000000
995335 1000000
995334 1000000
995333 1000000
995332 1000000
995331 1000000
995330 1000000
995329 1000000
995328 1000000
995327 1000000
995326 1000000
995325 1000000
995324 1000000
995323 1000000
995322 1000000
995321 1000000
995320 1000000
995319 1000000
995318 1000000
995317 1000000
995316 1000000
995315 1000000
995314 1000000
995313 1000000
995312 1000000
995311 1000000
995310 1000000
995309 1000000
995308 1000000
995307 1000000
995306 1000000
995305 1000000
995304 1000000
995303 1000000
995302 1000000
995301 1000000
995300 1000000
995299 1000000
995298 1000000
995297 1000000
995296 1000000
995295 1000000
995294 1000000
995293 1000000
995292 1000000
995291 1000000
995290 1000000
995289 1000000
995288 1000000
995287 1000000
995286 1000000
995285 1000000
995284 1000000
995283 1000000
995282 1000000
995281 1000000
995280 1000000
995279 1000000
995278 1000000
995277 1000000
995276 1000000
995275 1000000
995274 1000000
995273 1000000
995272 1000000
995271 1000000
995270 1000000
995269 1000000
995268 1000000
995267 1000000
995266 1000000
995265 1000000
995264 1000000
995263 1000000
995262 1000000
995261 1000000
995260 1000000
995259 1000000
995258 1000000
995257 1000000
995256 1000000
995255 1000000
995254 1000000
995253 1000000
995252 1000000
995251 1000000
995250 1000000
995249 1000000
995248 1000000
995247 1000000
995246 1000000
995245 1000000
995244 1000000
995243 1000000
995242 1000000
995241 1000000
995240 1000000
995239 1000000
995238 1000000
995237 1000000
995236 1000000
995235 1000000
995234 1000000
995233 1000000
995232 1000000
995231 1000000
995230 1000000
995229 1000000
995228 1000000
995227 1000000
995226 1000000
995225 1000000
995224 1000000
995223 1000000
995222 1000000
995221 1000000
995220 1000000
995219 1000000
995218 1000000
995217 1000000
995216 1000000
995215 1000000
995214 1000000
995213 1000000
995212 1000000
995211 1000000
995210 1000000
995209 1000000
995208 1000000
995207 1000000
995206 1000000
995205 1000000
995204 1000000
995203 1000000
995202 1000000
995201 1000000
995200 1000000
995199 1000000
995198 1000000
995197 1000000
995196 1000000
995195 1000000
995194 1000000
995193 1000000
995192 1000000
995191 1000000
995190 1000000
995189 1000000
995188 1000000
995187 1000000
995186 1000000
995185 1000000
995184 1000000
995183 1000000
995182 1000000
995181 1000000
995180 1000000
995179 1000000
995178 1000000
995177 1000000
995176 1000000
995175 1000000
995174 1000000
995173 1000000
995172 1000000
995171 1000000
995170 1000000
995169 1000000
995168 1000000
995167 1000000
995166 1000000
995165 1000000
995164 1000000
995163 1000000
995162 1000000
995161 1000000
995160 1000000
995159 1000000
995158 1000000
995157 1000000
995156 1000000
995155 1000000
995154 1000000
995153 1000000
995152 1000000
995151 1000000
995150 1000000
995149 1000000
995148 1000000
995147 1000000
995146 1000000
995145 1000000
995144 1000000
995143 1000000
995142 1000000
995141 1000000
995140 1000000
995139 1000000
995138 1000000
995137 1000000
995136 1000000
995135 1000000
995134 1000000
995133 1000000
995132 1000000
995131 1000000
995130 1000000
995129 1000000
995128 1000000
995127 1000000
995126 1000000
995125 1000000
995124 1000000
995123 1000000
995122 1000000
995121 1000000
995120 1000000
995119 1000000
995118 1000000
995117 1000000
995116 1000000
995115 1000000
995114 1000000
995113 1000000
995112 1000000
995111 1000000
995110 1000000
995109 1000000
995108 1000000
995107 1000000
995106 1000000
995105 1000000
995104 1000000
995103 1000000
995102 1000000
995101 1000000
995100 1000000
995099 1000000
995098 1000000
995097 1000000
995096 1000000
995095 1000000
995094 1000000
995093 1000000
995092 1000000
995091 1000000
995090 1000000
995089 1000000
995088 1000000
995087 1000000
995086 1000000
995085 1000000
995084 1000000
995083 1000000
995082 1000000
995081 1000000
995080 1000000
995079 1000000
995078 1000000
995077 1000000
995076 1000000
995075 1000000
995074 1000000
995073 1000000
995072 1000000
995071 1000000
995070 1000000
995069 1000000
995068 1000000
995067 1000000
995066 1000000
995065 1000000
995064 1000000
995063 1000000
995062 1000000
995061 1000000
995060 1000000
995059 1000000
995058 1000000
995057 1000000
995056 1000000
995055 1000000
995054 1000000
995053 1000000
995052 1000000
995051 1000000
995050 1000000
995049 1000000
995048 1000000
995047 1000000
995046 1000000
995045 1000000
995044 1000000
995043 1000000
995042 1000000
995041 1000000
995040 1000000
995039 1000000
995038 1000000
995037 1000000
995036 1000000
995035 1000000
995034 1000000
995033 1000000
995032 1000000
995031 1000000
995030 1000000
995029 1000000
995028 1000000
995027 1000000
995026 1000000
995025 1000000
995024 1000000
995023 1000000
995022 1000000
995021 1000000
995020 1000000
995019 1000000
995018 1000000
995017 1000000
995016 1000000
995015 1000000
995014 1000000
995013 1000000
995012 1000000
995011 1000000
995010 1000000
995009 1000000
995008 1000000
995007 1000000
995006 1000000
995005 1000000
995004 1000000
995003 1000000
995002 1000000
4999 1
