5000 2047
10000 388020
10100 197118
10200 40949
10300 711826
10400 534078
10500 612524
10600 159023
10700 924980
10800 834035
10900 34874
11000 185186
11100 552914
11200 363103
11300 188233
11400 19211
11500 440385
11600 566093
11700 585037
11800 832766
11900 330991
12000 855156
12100 295592
12200 165357
12300 180666
12400 275888
12500 945112
12600 761961
12700 970923
12800 221854
12900 985468
13000 682163
13100 206002
13200 662480
13300 8863
13400 575580
13500 703921
13600 66062
13700 113070
13800 578801
13900 404780
14000 667485
14100 218129
14200 206694
14300 535221
14400 619890
14500 31700
14600 202166
14700 994467
14800 779818
14900 441681
15000 299335
15100 697415
15200 16479
15300 417438
15400 160702
15500 321086
15600 534408
15700 797928
15800 71675
15900 69308
16000 127440
16100 386679
16200 663864
16300 134061
16400 838876
16500 976172
16600 526191
16700 427626
16800 256187
16900 697965
17000 177407
17100 551310
17200 723448
17300 429529
17400 454984
17500 819355
17600 208583
17700 617536
17800 371281
17900 480270
18000 273384
18100 846306
18200 700883
18300 687603
18400 631747
18500 270232
18600 409182
18700 538159
18800 558894
18900 248838
19000 82374
19100 757544
19200 146766
19300 941989
19400 252986
19500 779758
19600 624499
19700 531721
19800 780000
19900 968434
20000 737179
20100 777961
20200 208226
20300 50321
20400 377145
20500 464249
20600 900364
20700 957051
20800 519978
20900 765229
21000 899056
21100 614141
21200 928467
21300 611857
21400 582900
21500 499594
21600 284750
21700 181902
21800 386612
21900 217622
22000 248929
22100 617716
22200 652507
22300 429092
22400 377058
22500 173170
22600 972988
22700 188964
22800 726499
22900 645309
23000 256292
23100 625877
23200 344276
23300 308429
23400 319443
23500 557917
23600 895217
23700 553252
23800 341556
23900 726999
24000 361198
24100 256198
24200 580462
24300 560616
24400 438266
24500 714490
24600 652213
24700 473719
24800 522792
24900 851613
25000 546648
25100 286184
25200 126858
25300 222736
25400 692503
25500 468087
25600 572304
25700 14322
25800 621088
25900 653073
26000 283566
26100 219936
26200 676933
26300 498686
26400 125481
26500 958636
26600 874956
26700 223624
26800 274537
26900 868930
27000 855943
27100 634264
27200 537460
27300 781622
27400 296993
27500 712457
27600 6822
27700 285771
27800 1540
27900 389294
28000 197406
28100 103856
28200 20262
28300 408311
28400 8520
28500 328149
28600 111748
28700 145645
28800 999024
28900 261234
29000 397532
29100 168082
29200 774478
29300 686198
29400 811915
29500 85367
29600 489293
29700 6262
29800 757212
29900 690590
30000 838963
30100 545998
30200 995876
30300 676258
30400 568071
30500 177927
30600 786323
30700 6140
30800 22682
30900 548963
31000 269469
31100 409806
31200 835089
31300 692710
31400 32300
31500 843881
31600 711866
31700 408988
31800 174428
31900 273431
32000 117173
32100 865629
32200 36716
32300 563164
32400 475251
32500 909978
32600 711901
32700 678831
32800 453071
32900 196187
33000 10145
33100 926906
33200 367270
33300 508897
33400 893128
33500 580839
33600 64258
33700 362877
33800 341142
33900 245511
34000 725417
34100 442562
34200 771216
34300 599065
34400 864014
34500 764744
34600 418984
34700 897684
34800 855152
34900 759579
35000 881234
35100 53434
35200 683012
35300 557481
35400 723975
35500 586953
35600 49307
35700 581430
35800 374086
35900 221647
36000 616867
36100 163584
36200 438226
36300 15723
36400 19222
36500 132441
36600 543634
36700 386630
36800 553211
36900 359960
37000 780427
37100 977481
37200 485866
37300 248429
37400 659228
37500 485909
37600 62590
37700 640199
37800 53896
37900 582083
38000 275544
38100 33379
38200 315732
38300 130850
38400 637078
38500 997816
38600 874257
38700 401505
38800 430111
38900 968093
39000 786968
39100 416150
39200 316777
39300 751402
39400 847480
39500 98092
39600 255975
39700 110328
39800 272711
39900 703790
40000 776562
40100 330871
40200 259802
40300 596485
40400 857694
40500 849764
40600 173452
40700 903376
40800 172011
40900 641291
41000 612143
41100 987569
41200 923824
41300 325973
41400 18969
41500 667810
41600 130945
41700 265666
41800 940798
41900 241999
42000 877529
42100 293934
42200 361570
42300 527186
42400 729467
42500 362147
42600 33144
42700 369202
42800 64995
42900 465976
43000 110357
43100 23394
43200 831609
43300 235976
43400 214302
43500 880097
43600 447064
43700 389048
43800 483343
43900 94366
44000 907340
44100 910899
44200 834307
44300 757434
44400 803040
44500 310311
44600 779555
44700 339395
44800 397283
44900 125304
45000 298811
45100 579355
45200 38841
45300 218748
45400 819057
45500 461819
45600 165755
45700 808753
45800 467430
45900 712904
46000 294930
46100 352248
46200 895176
46300 969731
46400 722232
46500 309434
46600 344901
46700 715708
46800 978677
46900 721095
47000 785215
47100 171669
47200 958372
47300 166916
47400 353120
47500 558579
47600 29379
47700 548807
47800 726290
47900 622595
48000 684526
48100 430677
48200 981310
48300 931675
48400 96620
48500 352840
48600 708595
48700 569315
48800 247772
48900 646133
49000 174950
49100 9137
49200 410750
49300 732773
49400 603235
49500 89773
49600 315668
49700 902675
49800 787619
49900 840510
50000 70618
50100 95328
50200 51107
50300 267441
50400 330403
50500 177592
50600 100691
50700 281209
50800 315912
50900 898649
51000 800065
51100 532277
51200 82078
51300 871113
51400 729167
51500 727884
51600 278910
51700 117111
51800 176032
51900 845110
52000 107289
52100 963230
52200 487490
52300 709819
52400 876482
52500 318245
52600 847072
52700 124054
52800 238443
52900 704941
53000 916628
53100 369820
53200 568758
53300 232345
53400 383402
53500 883932
53600 726159
53700 104201
53800 402082
53900 658176
54000 76908
54100 578267
54200 618239
54300 902232
54400 78247
54500 520413
54600 326082
54700 667442
54800 750461
54900 14365
55000 636466
55100 21907
55200 421308
55300 325909
55400 216165
55500 166726
55600 551731
55700 530074
55800 581844
55900 250389
56000 379578
56100 209640
56200 487958
56300 409020
56400 486755
56500 235461
56600 278683
56700 409098
56800 969747
56900 509406
57000 264565
57100 615652
57200 149304
57300 98397
57400 325667
57500 371770
57600 83437
57700 204946
57800 28007
57900 446258
58000 446337
58100 845492
58200 573330
58300 2428
58400 682954
58500 437820
58600 762910
58700 795320
58800 124041
58900 712464
59000 144174
59100 108782
59200 572837
59300 193157
59400 477794
59500 997980
59600 537638
59700 335224
59800 199088
59900 419496
60000 317707
60100 574875
60200 135231
60300 993656
60400 208911
60500 227564
60600 623469
60700 932332
60800 85160
60900 551313
61000 638968
61100 538285
61200 791521
61300 803279
61400 308263
61500 431169
61600 629780
61700 959309
61800 112285
61900 945607
62000 250865
62100 431356
62200 367149
62300 518976
62400 77236
62500 82710
62600 878124
62700 399341
62800 368660
62900 464326
63000 923925
63100 853992
63200 7779
63300 558809
63400 531442
63500 397191
63600 340807
63700 334960
63800 183569
63900 487641
64000 740894
64100 409948
64200 983961
64300 772589
64400 736558
64500 212124
64600 68853
64700 550343
64800 25753
64900 696125
65000 179097
65100 550495
65200 71868
65300 966597
65400 231118
65500 577581
65600 366078
65700 870443
65800 869813
65900 658428
66000 179266
66100 867439
66200 494971
66300 79905
66400 440730
66500 968091
66600 342882
66700 357700
66800 560701
66900 401016
67000 532611
67100 425152
67200 515835
67300 604057
67400 476798
67500 164752
67600 148479
67700 201162
67800 525585
67900 706751
68000 635854
68100 875025
68200 41411
68300 554267
68400 956423
68500 467001
68600 880402
68700 747283
68800 887506
68900 889204
69000 595077
69100 286562
69200 668987
69300 495328
69400 856126
69500 382635
69600 183324
69700 616473
69800 900335
69900 634723
70000 787657
70100 925655
70200 566081
70300 541353
70400 520384
70500 207279
70600 904648
70700 161686
70800 115989
70900 778065
71000 581034
71100 788810
71200 469225
71300 586397
71400 933199
71500 636066
71600 777341
71700 909252
71800 130053
71900 420501
72000 951274
72100 481804
72200 588766
72300 661231
72400 410665
72500 525994
72600 633312
72700 665896
72800 660543
72900 340583
73000 108710
73100 91920
73200 415528
73300 954392
73400 193134
73500 700807
73600 579009
73700 497303
73800 719890
73900 371077
74000 374987
74100 350743
74200 796276
74300 408534
74400 219247
74500 682726
74600 677539
74700 707108
74800 172383
74900 519295
75000 518721
75100 639699
75200 279179
75300 772886
75400 936102
75500 961045
75600 573157
75700 171091
75800 424057
75900 428266
76000 654157
76100 102005
76200 895285
76300 454955
76400 433092
76500 141878
76600 27159
76700 401892
76800 777286
76900 404920
77000 40086
77100 677562
77200 411969
77300 588878
77400 968522
77500 604476
77600 573955
77700 116291
77800 490444
77900 626990
78000 902424
78100 348208
78200 578715
78300 693942
78400 23620
78500 184164
78600 525660
78700 511956
78800 121739
78900 421841
79000 315702
79100 421739
79200 852275
79300 832518
79400 280554
79500 649498
79600 697330
79700 435536
79800 157132
79900 126834
80000 429262
80100 509939
80200 13207
80300 316737
80400 229215
80500 41667
80600 179386
80700 274593
80800 10493
80900 414939
81000 365352
81100 495660
81200 694780
81300 845741
81400 646437
81500 48430
81600 952782
81700 609261
81800 782832
81900 822529
82000 838650
82100 732968
82200 735952
82300 286301
82400 330642
82500 725554
82600 148673
82700 545793
82800 197442
82900 515125
83000 354393
83100 122130
83200 204636
83300 441258
83400 871887
83500 281592
83600 495847
83700 235530
83800 484864
83900 954068
84000 356029
84100 941130
84200 852695
84300 997331
84400 29608
84500 616872
84600 422701
84700 754138
84800 307861
84900 351594
85000 663171
85100 448331
85200 729882
85300 715231
85400 489423
85500 218298
85600 137331
85700 718181
85800 641272
85900 210840
86000 136817
86100 47270
86200 988348
86300 858205
86400 166842
86500 754680
86600 329674
86700 115998
86800 772112
86900 607112
87000 236578
87100 582790
87200 278254
87300 165232
87400 796135
87500 138024
87600 807778
87700 192138
87800 488485
87900 879602
88000 103154
88100 191212
88200 20494
88300 567705
88400 782621
88500 831689
88600 742253
88700 37836
88800 486463
88900 151536
89000 267422
89100 509019
89200 666695
89300 885407
89400 800601
89500 765281
89600 488928
89700 430606
89800 409125
89900 902343
90000 163545
90100 891720
90200 466843
90300 927329
90400 65444
90500 204211
90600 166277
90700 691956
90800 676510
90900 237149
91000 98268
91100 292958
91200 703487
91300 376033
91400 838035
91500 808596
91600 800638
91700 117996
91800 957878
91900 252545
92000 487109
92100 345363
92200 442232
92300 923302
92400 74078
92500 949368
92600 775250
92700 833143
92800 938218
92900 512571
93000 392959
93100 390362
93200 234865
93300 683122
93400 141313
93500 446066
93600 781331
93700 544298
93800 94691
93900 928976
94000 286104
94100 281179
94200 91910
94300 558859
94400 304443
94500 88794
94600 391876
94700 82361
94800 349369
94900 239483
95000 412243
95100 573044
95200 373713
95300 421297
95400 847895
95500 414496
95600 986906
95700 703940
95800 32938
95900 191675
96000 576223
96100 876989
96200 806422
96300 871
96400 487378
96500 268280
96600 519050
96700 971705
96800 323416
96900 448787
97000 161052
97100 398352
97200 390981
97300 281324
97400 683378
97500 158260
97600 158122
97700 463410
97800 374408
97900 156960
98000 882716
98100 379661
98200 292191
98300 631457
98400 546290
98500 2557
98600 356627
98700 720273
98800 519576
98900 241319
99000 920807
99100 186113
99200 18549
99300 129524
99400 476530
99500 910410
99600 73332
99700 225053
99800 33492
99900 806615
100000 219140
100100 393718
100200 761729
100300 534667
100400 486450
100500 259499
100600 14594
100700 39154
100800 877224
100900 720656
101000 802171
101100 170288
101200 771852
101300 106043
101400 428760
101500 47418
101600 493686
101700 150334
101800 635943
101900 225192
102000 612746
102100 393919
102200 500042
102300 703326
102400 392770
102500 727229
102600 437503
102700 456424
102800 709461
102900 139177
103000 791835
103100 776722
103200 689220
103300 397464
103400 640467
103500 91975
103600 344271
103700 801756
103800 424168
103900 341358
104000 487308
104100 115263
104200 253635
104300 519213
104400 147332
104500 607293
104600 915630
104700 451874
104800 943105
104900 773247
105000 431143
105100 853124
105200 51745
105300 503694
105400 325997
105500 155284
105600 903139
105700 400333
105800 659421
105900 690121
106000 757017
106100 400666
106200 194527
106300 551149
106400 668716
106500 555769
106600 544446
106700 319317
106800 365787
106900 230195
107000 661896
107100 182259
107200 212813
107300 592250
107400 264741
107500 201803
107600 386157
107700 738507
107800 965148
107900 319955
108000 143184
108100 571527
108200 737165
108300 528226
108400 292926
108500 449924
108600 919405
108700 385946
108800 196430
108900 542713
109000 786035
109100 174884
109200 805948
109300 124810
109400 552250
109500 878373
109600 610531
109700 198557
109800 446750
109900 626842
110000 960531
110100 781406
110200 353133
110300 831631
110400 357263
110500 509590
110600 372314
110700 179938
110800 709578
110900 856603
111000 220171
111100 855695
111200 197603
111300 557611
111400 82795
111500 701638
111600 940842
111700 896170
111800 786300
111900 58752
112000 306507
112100 548010
112200 878583
112300 298700
112400 324265
112500 934657
112600 27078
112700 407547
112800 418510
112900 695643
113000 456448
113100 833523
113200 172616
113300 909895
113400 742214
113500 985483
113600 914183
113700 780508
113800 394051
113900 117254
114000 392508
114100 350328
114200 175882
114300 438576
114400 876266
114500 587890
114600 890775
114700 623675
114800 169653
114900 568413
115000 533082
115100 269604
115200 410541
115300 514652
115400 837105
115500 479457
115600 827311
115700 760568
115800 307182
115900 906386
116000 773410
116100 778574
116200 344114
116300 132117
116400 832784
116500 524776
116600 533151
116700 584766
116800 596146
116900 112837
117000 654851
117100 540243
117200 401803
117300 685331
117400 829189
117500 818284
117600 401006
117700 789364
117800 802913
117900 907063
118000 708056
118100 978784
118200 496959
118300 93873
118400 724832
118500 201073
118600 556460
118700 332056
118800 239604
118900 457772
119000 566895
119100 898863
119200 905953
119300 980308
119400 510731
119500 682141
119600 55045
119700 586842
119800 298895
119900 906086
120000 439751
120100 22162
120200 931830
120300 505611
120400 338780
120500 64228
120600 788915
120700 177319
120800 589744
120900 985671
121000 157874
121100 272380
121200 264375
121300 841841
121400 853457
121500 181935
121600 800975
121700 938948
121800 211613
121900 92172
122000 896105
122100 363457
122200 840171
122300 161685
122400 53028
122500 141806
122600 812578
122700 869094
122800 237082
122900 745943
123000 283273
123100 114728
123200 671754
123300 56574
123400 698621
123500 949901
123600 18255
123700 777036
123800 414879
123900 453790
124000 525753
124100 33142
124200 87756
124300 415903
124400 137025
124500 39400
124600 364788
124700 705960
124800 772731
124900 9567
125000 506352
125100 289225
125200 245380
125300 545044
125400 229417
125500 565388
125600 884885
125700 650644
125800 978140
125900 954923
126000 164951
126100 171268
126200 660216
126300 562509
126400 796640
126500 763093
126600 323411
126700 812733
126800 422829
126900 956268
127000 81661
127100 334550
127200 730159
127300 970427
127400 648004
127500 610246
127600 774909
127700 566266
127800 408444
127900 300981
128000 248510
128100 385953
128200 714753
128300 965041
128400 106734
128500 860537
128600 370608
128700 341545
128800 159255
128900 205932
129000 546259
129100 636285
129200 518817
129300 425764
129400 469600
129500 360408
129600 568438
129700 787866
129800 663090
129900 830076
130000 640276
130100 425510
130200 661149
130300 733798
130400 285381
130500 426375
130600 508154
130700 231152
130800 309093
130900 758214
131000 362953
131100 439716
131200 816923
131300 45930
131400 42339
131500 844828
131600 498932
131700 786211
131800 524643
131900 160141
132000 372135
132100 758491
132200 24335
132300 651994
132400 757516
132500 620568
132600 505459
132700 960248
132800 878106
132900 834017
133000 129146
133100 106764
133200 869527
133300 658736
133400 119448
133500 588038
133600 402634
133700 847334
133800 453027
133900 797849
134000 114433
134100 444175
134200 405408
134300 943508
134400 271947
134500 199936
134600 744335
134700 392067
134800 990373
134900 610246
135000 706283
135100 655601
135200 495752
135300 626653
135400 448234
135500 704782
135600 34510
135700 758174
135800 262741
135900 640900
136000 855314
136100 112378
136200 4194
136300 17523
136400 329148
136500 450632
136600 49114
136700 827870
136800 984965
136900 885221
137000 394896
137100 186850
137200 730163
137300 813024
137400 279155
137500 803190
137600 710180
137700 807978
137800 771237
137900 623596
138000 544810
138100 518817
138200 585941
138300 465954
138400 289582
138500 632813
138600 864415
138700 959092
138800 537756
138900 438743
139000 390150
139100 939527
139200 224941
139300 543092
139400 979212
139500 530456
139600 581938
139700 5120
139800 651061
139900 842845
140000 449864
140100 340640
140200 653429
140300 418440
140400 96933
140500 554627
140600 312843
140700 641202
140800 891731
140900 696159
141000 199220
141100 511392
141200 228038
141300 162069
141400 383758
141500 846249
141600 754709
141700 338430
141800 150378
141900 881575
142000 883988
142100 708372
142200 405674
142300 614721
142400 605475
142500 437233
142600 35329
142700 811424
142800 249521
142900 900354
143000 37292
143100 208010
143200 313410
143300 72967
143400 416344
143500 900844
143600 927550
143700 26790
143800 581680
143900 257406
144000 786354
144100 565120
144200 223063
144300 209942
144400 22333
144500 265749
144600 355536
144700 357371
144800 489405
144900 913118
145000 85538
145100 581902
145200 42544
145300 58780
145400 839345
145500 133639
145600 487636
145700 492430
145800 652221
145900 403361
146000 565058
146100 413958
146200 568283
146300 933702
146400 552014
146500 855947
146600 394343
146700 700201
146800 668965
146900 489905
147000 467275
147100 614788
147200 569273
147300 450931
147400 905158
147500 409852
147600 778597
147700 747068
147800 740430
147900 119571
148000 164607
148100 376436
148200 710733
148300 759297
148400 919489
148500 328512
148600 304436
148700 750465
148800 741534
148900 927653
149000 493245
149100 599004
149200 227614
149300 463456
149400 598782
149500 445333
149600 466988
149700 683857
149800 782416
149900 797052
150000 184857
150100 861606
150200 487846
150300 578473
150400 313194
150500 254743
150600 43499
150700 134178
150800 46521
150900 226029
151000 569343
151100 621286
151200 733493
151300 417718
151400 235403
151500 489049
151600 716009
151700 954362
151800 396382
151900 529734
152000 777595
152100 33835
152200 333234
152300 954987
152400 281823
152500 896245
152600 462711
152700 12559
152800 172704
152900 511748
153000 864372
153100 209436
153200 985668
153300 846388
153400 724175
153500 136412
153600 927732
153700 956264
153800 149937
153900 776779
154000 262604
154100 448514
154200 296952
154300 258226
154400 659601
154500 156646
154600 27115
154700 529911
154800 696036
154900 886111
155000 830271
155100 860248
155200 486365
155300 310654
155400 740594
155500 585592
155600 877947
155700 562504
155800 210554
155900 951365
156000 106918
156100 86019
156200 298832
156300 787166
156400 776439
156500 963830
156600 6168
156700 915937
156800 144518
156900 655821
157000 825753
157100 324798
157200 611921
157300 375748
157400 330505
157500 295812
157600 662157
157700 665995
157800 99106
157900 464210
158000 481641
158100 718547
158200 273632
158300 721301
158400 297953
158500 529987
158600 922539
158700 366208
158800 280646
158900 760605
159000 62830
159100 396348
159200 68286
159300 381571
159400 444155
159500 132442
159600 792447
159700 92181
159800 444293
159900 73826
160000 991536
160100 909104
160200 530452
160300 968482
160400 614415
160500 160571
160600 529662
160700 540000
160800 911380
160900 476051
161000 129310
161100 60652
161200 498588
161300 37597
161400 505296
161500 741583
161600 279118
161700 694067
161800 188738
161900 232708
162000 390243
162100 16555
162200 881069
162300 779584
162400 602071
162500 928460
162600 564686
162700 637773
162800 319450
162900 358523
163000 455546
163100 156891
163200 800758
163300 658787
163400 596485
163500 747609
163600 892990
163700 57229
163800 13393
163900 826889
164000 626872
164100 512047
164200 50195
164300 267333
164400 691579
164500 495291
164600 498152
164700 19524
164800 390179
164900 334285
165000 769075
165100 263444
165200 807976
165300 3093
165400 144519
165500 320657
165600 689991
165700 754053
165800 184147
165900 142975
166000 531611
166100 203966
166200 154799
166300 743362
166400 370043
166500 809940
166600 164817
166700 753168
166800 659817
166900 134403
167000 380522
167100 655865
167200 771547
167300 906327
167400 69095
167500 129887
167600 364905
167700 230595
167800 944078
167900 982127
168000 761284
168100 334127
168200 580865
168300 948150
168400 388289
168500 864909
168600 31393
168700 621054
168800 2613
168900 720858
169000 325635
169100 107033
169200 908669
169300 785009
169400 985936
169500 868533
169600 497863
169700 735023
169800 833163
169900 992401
170000 177749
170100 967972
170200 625032
170300 619570
170400 114698
170500 560772
170600 441519
170700 176675
170800 573088
170900 232213
171000 699406
171100 884568
171200 493103
171300 713898
171400 951320
171500 820398
171600 919490
171700 126040
171800 645868
171900 411021
172000 672160
172100 256272
172200 445859
172300 714610
172400 813244
172500 954876
172600 136954
172700 435235
172800 325889
172900 545406
173000 870404
173100 963937
173200 494182
173300 676987
173400 486560
173500 248726
173600 39828
173700 539291
173800 140541
173900 711445
174000 436971
174100 682577
174200 10986
174300 54670
174400 67644
174500 401487
174600 165351
174700 730661
174800 579250
174900 637269
175000 946898
175100 847650
175200 126699
175300 32271
175400 265275
175500 12648
175600 765662
175700 466966
175800 365716
175900 54646
176000 988309
176100 719049
176200 789561
176300 856016
176400 289696
176500 245337
176600 623803
176700 828334
176800 940549
176900 997179
177000 80148
177100 591585
177200 239810
177300 204892
177400 202708
177500 207260
177600 887498
177700 211758
177800 198274
177900 149056
178000 650259
178100 771638
178200 879420
178300 272760
178400 986017
178500 390591
178600 501143
178700 335590
178800 716034
178900 864068
179000 61626
179100 10734
179200 192328
179300 507247
179400 9860
179500 49892
179600 62081
179700 129814
179800 889547
179900 417144
180000 873950
180100 650375
180200 678660
180300 375007
180400 57707
180500 485890
180600 136414
180700 808727
180800 43365
180900 615498
181000 633591
181100 350386
181200 93158
181300 760452
181400 326780
181500 917865
181600 54576
181700 128398
181800 355619
181900 836722
182000 127155
182100 338604
182200 669740
182300 277201
182400 10121
182500 856556
182600 681331
182700 363829
182800 428417
182900 581610
183000 512439
183100 261090
183200 527177
183300 918905
183400 279579
183500 681461
183600 978470
183700 187309
183800 426271
183900 217253
184000 379047
184100 187891
184200 679700
184300 245267
184400 948517
184500 91220
184600 569604
184700 186206
184800 945534
184900 986399
185000 824579
185100 44440
185200 271741
185300 270551
185400 338261
185500 965713
185600 105178
185700 753921
185800 516834
185900 56197
186000 14472
186100 913995
186200 930736
186300 420572
186400 912033
186500 716234
186600 905443
186700 651272
186800 66670
186900 170940
187000 654926
187100 667144
187200 952690
187300 114930
187400 794382
187500 330885
187600 382146
187700 458677
187800 453042
187900 521390
188000 966830
188100 334114
188200 462078
188300 440954
188400 47195
188500 682733
188600 81722
188700 585016
188800 446404
188900 169067
189000 691559
189100 226533
189200 328822
189300 653346
189400 21620
189500 27100
189600 863677
189700 506686
189800 923827
189900 888272
190000 624643
190100 16063
190200 141861
190300 133140
190400 234225
190500 713609
190600 157861
190700 379607
190800 422958
190900 298282
191000 116728
191100 712003
191200 688137
191300 79785
191400 80959
191500 783247
191600 211867
191700 434391
191800 617110
191900 275624
192000 767923
192100 751625
192200 143158
192300 384768
192400 364435
192500 635796
192600 142407
192700 48881
192800 566794
192900 50883
193000 973613
193100 463315
193200 707454
193300 891057
193400 107090
193500 30184
193600 165057
193700 827861
193800 480868
193900 777108
194000 283825
194100 661674
194200 45974
194300 910573
194400 436773
194500 244993
194600 946065
194700 595154
194800 517978
194900 726078
195000 451821
195100 369799
195200 278181
195300 157487
195400 986464
195500 815175
195600 205417
195700 658142
195800 614277
195900 348631
196000 926219
196100 636005
196200 642313
196300 727628
196400 874123
196500 750922
196600 630233
196700 235894
196800 326002
196900 431477
197000 855857
197100 83057
197200 309604
197300 965500
197400 57593
197500 279957
197600 539327
197700 522769
197800 109025
197900 869149
198000 806739
198100 750018
198200 107915
198300 587352
198400 542718
198500 824557
198600 104141
198700 29764
198800 724283
198900 457894
199000 306210
199100 784180
199200 306200
199300 862367
199400 53785
199500 835144
199600 79360
199700 277262
199800 620562
199900 804245
200000 93403
200100 393724
200200 735125
200300 390336
200400 30354
200500 670976
200600 634674
200700 237961
200800 991377
200900 643953
201000 665251
201100 668335
201200 487234
201300 158923
201400 664426
201500 211150
201600 78320
201700 721879
201800 340931
201900 362847
202000 183799
202100 993989
202200 107403
202300 333878
202400 149083
202500 700820
202600 730353
202700 103695
202800 334435
202900 912378
203000 155786
203100 740921
203200 567376
203300 594138
203400 611720
203500 756800
203600 14142
203700 397050
203800 985720
203900 988826
204000 101835
204100 522311
204200 861899
204300 105213
204400 261009
204500 303648
204600 484896
204700 145084
204800 709155
204900 377817
205000 728611
205100 73153
205200 986226
205300 490241
205400 576384
205500 838919
205600 293950
205700 797979
205800 883641
205900 169270
206000 874501
206100 92025
206200 53693
206300 981830
206400 231040
206500 512641
206600 490898
206700 886876
206800 328155
206900 486554
207000 643095
207100 788265
207200 930823
207300 604352
207400 489481
207500 688095
207600 778025
207700 618100
207800 78035
207900 657796
208000 360484
208100 733934
208200 3959
208300 377258
208400 797759
208500 181360
208600 72551
208700 338357
208800 865274
208900 545396
209000 24608
209100 188975
209200 677448
209300 248219
209400 573327
209500 939327
209600 568214
209700 642491
209800 341152
209900 664058
210000 689531
210100 321387
210200 359910
210300 371909
210400 861870
210500 213615
210600 961386
210700 730577
210800 968230
210900 206094
211000 434291
211100 560911
211200 46103
211300 979401
211400 8979
211500 253845
211600 366347
211700 800277
211800 454799
211900 988391
212000 65415
212100 325376
212200 782961
212300 715565
212400 377073
212500 43796
212600 229804
212700 102226
212800 687561
212900 564760
213000 575131
213100 7701
213200 361597
213300 253385
213400 436485
213500 759110
213600 332605
213700 460004
213800 195098
213900 507229
214000 384429
214100 532382
214200 500607
214300 645900
214400 536452
214500 646559
214600 243458
214700 946856
214800 453773
214900 722978
215000 387132
215100 87209
215200 755066
215300 745466
215400 12982
215500 382857
215600 517355
215700 120643
215800 281871
215900 542509
216000 208425
216100 814977
216200 883526
216300 101602
216400 118622
216500 997145
216600 44324
216700 226410
216800 547620
216900 810875
217000 287913
217100 209638
217200 105156
217300 749718
217400 3807
217500 966071
217600 743068
217700 386152
217800 638341
217900 697227
218000 552752
218100 721138
218200 490544
218300 882715
218400 872631
218500 933453
218600 175025
218700 776728
218800 280595
218900 591680
219000 449191
219100 225841
219200 364159
219300 880151
219400 392940
219500 417587
219600 805851
219700 708107
219800 283317
219900 650512
220000 872230
220100 188721
220200 477013
220300 321720
220400 571338
220500 880384
220600 151747
220700 254006
220800 267738
220900 310685
221000 13169
221100 134178
221200 115958
221300 378300
221400 755317
221500 75181
221600 792283
221700 970475
221800 575703
221900 699274
222000 5009
222100 851940
222200 417790
222300 630279
222400 204944
222500 163057
222600 966182
222700 459359
222800 547144
222900 261458
223000 587090
223100 56957
223200 498074
223300 601739
223400 409795
223500 854387
223600 67788
223700 937059
223800 891730
223900 373309
224000 511862
224100 460373
224200 307414
224300 40008
224400 268830
224500 67671
224600 294318
224700 534378
224800 178265
224900 833729
225000 453750
225100 366805
225200 972495
225300 950367
225400 532265
225500 887235
225600 217969
225700 788264
225800 787672
225900 969353
226000 412253
226100 106943
226200 291625
226300 81277
226400 786040
226500 805414
226600 957121
226700 378060
226800 239836
226900 236301
227000 231341
227100 198111
227200 8593
227300 409189
227400 576409
227500 58546
227600 59137
227700 368311
227800 173766
227900 953850
228000 571904
228100 292471
228200 278201
228300 923407
228400 143839
228500 39025
228600 614996
228700 309934
228800 268855
228900 521664
229000 346935
229100 874016
229200 453754
229300 873555
229400 934173
229500 789026
229600 528808
229700 91940
229800 702982
229900 589466
230000 734514
230100 134637
230200 620961
230300 669408
230400 134660
230500 231978
230600 293878
230700 71168
230800 634054
230900 412482
231000 568612
231100 81633
231200 551246
231300 638791
231400 278857
231500 198979
231600 298529
231700 241765
231800 414167
231900 594166
232000 848497
232100 293238
232200 817613
232300 962722
232400 666892
232500 311362
232600 840475
232700 843362
232800 848733
232900 851731
233000 381669
233100 463781
233200 572803
233300 550448
233400 541141
233500 116287
233600 629917
233700 525179
233800 913952
233900 566255
234000 253235
234100 504073
234200 870348
234300 790227
234400 723936
234500 795769
234600 54313
234700 863597
234800 19964
234900 386545
235000 452276
235100 504831
235200 476944
235300 422721
235400 619801
235500 503112
235600 415634
235700 50116
235800 316966
235900 681595
236000 772437
236100 533511
236200 687893
236300 742000
236400 707166
236500 160766
236600 952807
236700 405527
236800 737726
236900 981143
237000 934981
237100 438608
237200 916886
237300 944461
237400 894458
237500 653461
237600 284614
237700 593305
237800 683056
237900 303925
238000 679179
238100 105253
238200 876823
238300 650157
238400 639076
238500 381192
238600 660482
238700 608636
238800 212756
238900 968498
239000 850187
239100 112394
239200 923857
239300 853636
239400 43755
239500 232953
239600 281319
239700 94768
239800 490379
239900 895579
240000 909739
240100 813838
240200 12809
240300 236240
240400 296750
240500 872167
240600 950774
240700 566306
240800 488022
240900 275058
241000 402257
241100 853180
241200 422103
241300 953788
241400 571289
241500 949931
241600 1830
241700 303015
241800 817047
241900 651752
242000 106253
242100 116735
242200 240924
242300 459701
242400 683946
242500 602091
242600 28103
242700 567660
242800 783592
242900 29589
243000 881703
243100 67508
243200 612834
243300 555617
243400 721404
243500 325648
243600 588328
243700 250255
243800 304977
243900 251754
244000 529378
244100 565936
244200 384448
244300 908775
244400 478929
244500 253423
244600 952249
244700 619050
244800 877169
244900 237021
245000 439241
245100 257830
245200 980038
245300 148774
245400 215985
245500 277390
245600 663717
245700 656143
245800 950701
245900 696603
246000 228940
246100 162616
246200 363304
246300 647780
246400 344778
246500 465593
246600 668655
246700 834083
246800 5418
246900 787516
247000 864245
247100 483384
247200 493797
247300 640908
247400 71706
247500 389267
247600 970155
247700 561739
247800 676008
247900 251444
248000 306981
248100 751582
248200 773083
248300 371843
248400 267890
248500 605973
248600 380342
248700 288879
248800 749875
248900 562640
249000 278223
249100 302932
249200 851382
249300 771208
249400 678005
249500 214681
249600 325530
249700 757180
249800 197571
249900 528227
250000 939775
250100 120184
250200 480560
250300 84278
250400 818521
250500 824011
250600 581777
250700 149175
250800 449390
250900 369177
251000 93788
251100 833367
251200 989416
251300 484787
251400 827688
251500 92016
251600 677267
251700 241117
251800 295040
251900 262362
252000 822480
252100 863508
252200 991134
252300 798544
252400 2808
252500 313903
252600 932428
252700 312279
252800 86269
252900 4629
253000 652981
253100 655510
253200 249119
253300 586406
253400 775745
253500 850690
253600 287715
253700 884681
253800 569060
253900 510680
254000 115609
254100 486919
254200 671300
254300 518103
254400 344267
254500 142717
254600 724670
254700 955717
254800 224436
254900 153041
255000 848859
255100 173503
255200 513348
255300 290602
255400 946936
255500 620610
255600 850714
255700 43317
255800 506005
255900 352470
256000 731330
256100 881684
256200 411986
256300 638238
256400 425244
256500 831359
256600 316155
256700 589754
256800 156487
256900 251414
257000 488279
257100 315447
257200 277674
257300 346273
257400 367385
257500 565356
257600 506987
257700 372919
257800 287408
257900 219581
258000 108941
258100 3503
258200 131884
258300 448920
258400 546089
258500 116906
258600 835780
258700 704907
258800 347255
258900 686735
259000 472452
259100 111521
259200 8615
259300 817661
259400 410564
259500 643245
259600 451366
259700 280748
259800 664042
259900 275386
260000 15485
260100 944550
260200 438963
260300 636253
260400 678065
260500 58967
260600 381211
260700 35497
260800 157352
260900 692880
261000 854545
261100 983973
261200 664276
261300 847256
261400 906361
261500 956711
261600 25750
261700 173839
261800 746960
261900 654107
262000 913184
262100 410038
262200 450188
262300 676409
262400 458775
262500 452769
262600 975268
262700 481866
262800 641438
262900 711438
263000 253769
263100 22266
263200 808024
263300 42827
263400 537353
263500 188828
263600 376450
263700 201273
263800 226446
263900 181441
264000 430651
264100 757561
264200 884834
264300 955512
264400 705548
264500 895401
264600 115641
264700 312411
264800 957519
264900 40443
265000 541116
265100 773953
265200 791828
265300 898678
265400 393734
265500 559310
265600 96637
265700 325515
265800 170980
265900 449264
266000 436471
266100 812847
266200 548268
266300 562837
266400 284185
266500 710423
266600 540310
266700 430984
266800 642722
266900 148630
267000 358710
267100 130464
267200 898653
267300 161852
267400 562956
267500 365319
267600 380769
267700 343326
267800 890107
267900 794474
268000 167479
268100 712822
268200 773467
268300 486670
268400 736234
268500 974604
268600 827148
268700 257579
268800 679145
268900 543721
269000 893312
269100 5232
269200 878494
269300 147041
269400 445862
269500 586586
269600 817365
269700 801327
269800 862502
269900 24416
270000 733627
270100 770786
270200 125473
270300 328845
270400 344622
270500 569548
270600 641818
270700 688591
270800 356335
270900 568727
271000 24831
271100 218231
271200 975137
271300 725760
271400 703393
271500 104189
271600 961444
271700 460770
271800 775520
271900 537073
272000 769180
272100 683539
272200 256544
272300 739915
272400 699033
272500 335757
272600 102533
272700 353051
272800 315586
272900 653693
273000 795894
273100 951045
273200 182191
273300 196757
273400 807276
273500 820532
273600 588385
273700 667211
273800 698068
273900 53233
274000 840871
274100 815894
274200 25304
274300 627564
274400 183309
274500 706122
274600 326220
274700 530646
274800 441473
274900 159849
275000 164462
275100 56948
275200 224590
275300 195828
275400 656893
275500 970655
275600 728661
275700 723154
275800 66364
275900 640407
276000 541742
276100 202256
276200 480696
276300 751491
276400 181587
276500 723245
276600 612913
276700 862709
276800 697022
276900 342852
277000 221825
277100 668469
277200 581683
277300 166462
277400 321000
277500 523291
277600 817394
277700 989175
277800 297848
277900 690141
278000 946014
278100 448228
278200 955659
278300 661448
278400 62881
278500 639440
278600 207278
278700 34439
278800 136496
278900 835537
279000 849797
279100 796578
279200 434720
279300 284310
279400 310572
279500 555147
279600 37637
279700 332230
279800 153363
279900 651577
280000 232925
280100 345751
280200 125242
280300 237114
280400 236106
280500 893518
280600 42105
280700 613413
280800 352687
280900 911144
281000 864638
281100 321024
281200 73953
281300 582501
281400 748112
281500 821374
281600 311615
281700 576379
281800 557498
281900 841862
282000 779002
282100 525773
282200 869318
282300 658652
282400 503406
282500 786235
282600 810500
282700 722770
282800 762621
282900 15967
283000 395402
283100 701544
283200 720135
283300 170535
283400 46013
283500 327487
283600 549950
283700 825565
283800 507469
283900 519792
284000 661565
284100 995904
284200 10531
284300 667645
284400 336044
284500 677644
284600 862902
284700 838910
284800 963861
284900 903287
285000 253908
285100 478293
285200 763510
285300 862763
285400 269657
285500 483791
285600 847049
285700 84338
285800 819417
285900 518693
286000 418043
286100 190379
286200 381227
286300 762359
286400 540064
286500 118996
286600 341538
286700 408506
286800 533436
286900 873662
287000 692554
287100 909881
287200 865735
287300 689193
287400 847269
287500 307460
287600 821212
287700 675266
287800 585372
287900 194734
288000 110904
288100 326920
288200 734371
288300 850089
288400 355123
288500 221044
288600 478622
288700 458000
288800 799802
288900 824525
289000 338835
289100 501972
289200 353812
289300 16255
289400 972924
289500 367515
289600 428125
289700 34953
289800 660644
289900 5163
290000 859172
290100 667560
290200 818424
290300 455607
290400 705024
290500 433017
290600 853817
290700 507470
290800 240904
290900 154040
291000 792669
291100 375222
291200 949228
291300 487601
291400 755304
291500 503233
291600 211460
291700 964306
291800 957236
291900 922835
292000 850572
292100 91700
292200 237801
292300 71543
292400 231871
292500 747019
292600 453369
292700 715192
292800 112890
292900 655719
293000 17303
293100 28717
293200 127765
293300 658396
293400 922071
293500 668298
293600 646302
293700 372795
293800 503157
293900 958598
294000 867948
294100 517931
294200 905253
294300 444865
294400 289609
294500 91450
294600 21777
294700 908216
294800 392468
294900 479367
295000 784859
295100 329517
295200 475398
295300 212418
295400 165259
295500 662692
295600 671603
295700 666646
295800 247961
295900 483768
296000 320149
296100 801717
296200 69265
296300 417748
296400 742065
296500 704875
296600 908616
296700 960518
296800 825237
296900 741933
297000 303127
297100 322762
297200 3807
297300 217914
297400 359235
297500 213898
297600 926158
297700 998835
297800 274843
297900 904027
298000 308091
298100 831785
298200 586456
298300 91497
298400 859968
298500 952186
298600 423637
298700 699532
298800 151922
298900 583199
299000 526169
299100 970362
299200 701939
299300 262953
299400 652279
299500 724601
299600 958094
299700 295693
299800 60146
299900 8642
300000 648139
300100 949556
300200 391686
300300 755908
300400 553595
300500 518754
300600 875878
300700 577238
300800 482607
300900 712138
301000 541030
301100 221705
301200 227717
301300 734652
301400 423671
301500 374371
301600 592383
301700 266075
301800 694807
301900 368794
302000 22030
302100 637596
302200 960416
302300 172418
302400 47817
302500 37152
302600 310409
302700 227817
302800 248487
302900 139430
303000 414213
303100 19444
303200 303400
303300 444394
303400 792297
303500 752237
303600 565531
303700 714591
303800 488992
303900 109231
304000 301951
304100 267938
304200 343926
304300 652308
304400 975066
304500 45325
304600 165414
304700 706113
304800 247313
304900 458449
305000 665241
305100 270761
305200 732690
305300 723916
305400 119997
305500 617554
305600 84286
305700 291462
305800 275732
305900 361590
306000 247468
306100 469025
306200 530512
306300 439739
306400 485019
306500 87774
306600 403870
306700 893941
306800 869562
306900 896237
307000 439400
307100 954873
307200 31739
307300 412946
307400 624346
307500 680183
307600 499697
307700 961632
307800 962003
307900 635955
308000 149602
308100 131355
308200 895540
308300 698178
308400 736315
308500 189797
308600 208629
308700 413452
308800 795580
308900 651294
309000 860301
309100 887411
309200 620277
309300 292738
309400 209363
309500 706298
309600 3996
309700 305057
309800 742482
309900 372929
310000 94220
310100 790593
310200 718688
310300 933779
310400 254205
310500 593639
310600 454060
310700 251546
310800 117552
310900 877355
311000 600275
311100 774321
311200 158723
311300 416149
311400 790708
311500 301390
311600 155414
311700 570071
311800 924952
311900 556288
312000 546135
312100 368972
312200 624047
312300 129609
312400 662629
312500 730310
312600 801664
312700 845753
312800 967358
312900 700718
313000 481945
313100 194386
313200 436055
313300 821927
313400 329976
313500 276856
313600 262735
313700 393929
313800 342080
313900 982071
314000 761046
314100 362992
314200 84126
314300 771051
314400 85868
314500 428581
314600 1165
314700 720920
314800 303600
314900 112309
315000 123876
315100 376878
315200 670462
315300 792018
315400 654597
315500 433499
315600 153863
315700 240370
315800 347188
315900 703811
316000 129932
316100 112300
316200 303330
316300 191721
316400 656446
316500 704236
316600 972983
316700 629314
316800 801731
316900 887338
317000 335593
317100 425686
317200 92756
317300 772394
317400 856515
317500 199517
317600 491552
317700 181085
317800 667799
317900 560985
318000 920072
318100 391535
318200 428989
318300 233322
318400 375893
318500 131496
318600 275664
318700 265132
318800 717051
318900 155295
319000 538747
319100 283575
319200 954555
319300 442254
319400 895987
319500 630044
319600 783263
319700 493731
319800 993540
319900 162113
320000 420550
320100 357329
320200 759383
320300 908126
320400 147264
320500 14582
320600 103622
320700 966645
320800 972711
320900 964740
321000 73064
321100 118159
321200 343028
321300 871945
321400 654835
321500 739080
321600 514716
321700 57004
321800 419405
321900 951141
322000 651488
322100 38828
322200 523447
322300 404032
322400 702171
322500 39626
322600 280675
322700 54945
322800 909326
322900 892147
323000 172928
323100 836507
323200 438178
323300 613405
323400 482948
323500 134771
323600 857135
323700 197203
323800 553710
323900 664260
324000 296642
324100 757784
324200 507357
324300 237353
324400 559594
324500 90981
324600 205959
324700 118011
324800 438380
324900 663997
325000 893949
325100 916383
325200 737580
325300 422955
325400 559510
325500 622887
325600 633757
325700 95724
325800 964088
325900 813662
326000 39505
326100 400534
326200 686598
326300 197255
326400 784956
326500 754547
326600 933323
326700 955689
326800 722934
326900 159253
327000 885236
327100 772435
327200 429819
327300 324971
327400 119494
327500 914129
327600 194857
327700 55493
327800 223804
327900 825281
328000 378052
328100 20972
328200 825830
328300 923853
328400 692184
328500 402834
328600 906054
328700 33931
328800 125993
328900 475372
329000 474689
329100 731721
329200 704069
329300 946578
329400 163288
329500 203517
329600 275981
329700 839898
329800 52558
329900 315051
330000 187052
330100 488631
330200 213421
330300 472667
330400 495802
330500 984861
330600 271271
330700 147682
330800 982340
330900 627978
331000 293919
331100 577967
331200 18349
331300 679638
331400 327535
331500 555489
331600 231249
331700 524293
331800 615949
331900 411271
332000 153650
332100 287524
332200 981053
332300 527944
332400 453110
332500 561923
332600 175420
332700 637204
332800 123743
332900 61562
333000 823776
333100 90198
333200 553557
333300 842836
333400 777861
333500 219346
333600 351598
333700 243077
333800 364485
333900 574785
334000 972626
334100 805513
334200 600916
334300 967978
334400 632180
334500 561558
334600 650066
334700 371097
334800 983995
334900 675674
335000 56114
335100 287621
335200 585833
335300 382525
335400 12631
335500 191506
335600 656576
335700 552918
335800 617937
335900 755325
336000 940529
336100 510962
336200 430755
336300 413286
336400 165763
336500 627146
336600 457924
336700 967278
336800 891198
336900 80035
337000 42929
337100 829729
337200 745993
337300 424752
337400 156395
337500 497545
337600 450463
337700 335939
337800 514666
337900 788452
338000 830720
338100 43439
338200 454744
338300 941054
338400 770294
338500 784390
338600 17500
338700 456318
338800 91230
338900 969694
339000 434107
339100 966365
339200 603099
339300 82309
339400 64798
339500 679183
339600 68172
339700 199743
339800 329456
339900 249468
340000 962153
340100 539043
340200 821886
340300 772819
340400 605278
340500 172823
340600 814653
340700 467787
340800 188449
340900 299869
341000 127905
341100 175407
341200 730458
341300 763592
341400 720673
341500 146644
341600 314916
341700 400638
341800 993680
341900 240841
342000 455807
342100 614233
342200 695933
342300 58572
342400 216226
342500 477575
342600 463064
342700 742802
342800 862239
342900 723705
343000 314483
343100 432614
343200 740562
343300 302900
343400 753739
343500 568083
343600 472912
343700 642049
343800 764545
343900 366913
344000 354327
344100 937385
344200 539587
344300 85154
344400 163301
344500 613250
344600 926990
344700 859936
344800 719385
344900 637923
345000 407993
345100 798783
345200 503852
345300 979468
345400 271938
345500 507724
345600 78725
345700 189485
345800 289791
345900 614626
346000 342934
346100 135488
346200 483861
346300 339624
346400 989275
346500 524888
346600 510104
346700 535937
346800 499981
346900 241482
347000 517753
347100 914669
347200 920340
347300 671048
347400 120505
347500 715079
347600 388933
347700 618852
347800 434886
347900 757654
348000 288760
348100 35403
348200 562391
348300 562378
348400 237515
348500 91586
348600 751870
348700 112616
348800 297724
348900 381818
349000 566044
349100 827645
349200 271094
349300 315653
349400 480457
349500 667861
349600 702699
349700 818011
349800 575364
349900 507895
350000 414845
350100 16348
350200 665949
350300 833321
350400 759171
350500 227972
350600 55696
350700 178292
350800 680249
350900 891193
351000 598109
351100 721724
351200 238124
351300 446058
351400 839736
351500 18021
351600 244302
351700 219483
351800 20214
351900 64865
352000 627980
352100 205747
352200 472267
352300 801922
352400 542621
352500 130120
352600 307706
352700 112589
352800 952722
352900 532733
353000 641424
353100 446112
353200 482980
353300 86519
353400 217826
353500 451740
353600 931584
353700 607658
353800 28946
353900 198322
354000 42180
354100 845684
354200 869314
354300 378794
354400 963372
354500 845098
354600 87508
354700 612142
354800 44325
354900 787802
355000 380570
355100 110552
355200 712187
355300 890648
355400 267288
355500 199100
355600 554304
355700 75538
355800 376530
355900 793736
356000 594987
356100 925557
356200 39723
356300 596500
356400 254959
356500 299568
356600 674891
356700 833730
356800 966917
356900 618976
357000 617868
357100 321442
357200 355656
357300 666047
357400 564743
357500 990289
357600 300778
357700 154016
357800 140118
357900 592788
358000 134344
358100 845676
358200 952740
358300 53447
358400 39455
358500 788033
358600 821622
358700 882382
358800 671515
358900 583321
359000 415071
359100 799861
359200 678768
359300 963390
359400 535204
359500 979727
359600 184795
359700 222125
359800 25798
359900 619487
360000 296969
360100 139037
360200 914018
360300 844461
360400 529450
360500 545513
360600 133620
360700 615414
360800 715265
360900 942528
361000 582108
361100 823772
361200 696262
361300 925844
361400 791315
361500 607932
361600 883116
361700 36674
361800 493613
361900 690362
362000 523832
362100 390057
362200 840302
362300 901980
362400 621311
362500 123042
362600 24231
362700 593910
362800 166731
362900 662486
363000 514916
363100 220088
363200 961802
363300 283845
363400 883928
363500 603264
363600 838325
363700 819639
363800 942723
363900 263955
364000 753957
364100 539083
364200 723509
364300 978775
364400 981712
364500 779981
364600 789336
364700 709911
364800 869623
364900 797013
365000 793098
365100 899379
365200 11286
365300 634891
365400 250771
365500 353216
365600 26269
365700 819731
365800 329414
365900 336341
366000 964091
366100 449117
366200 48767
366300 805979
366400 295601
366500 497088
366600 109798
366700 802514
366800 549462
366900 473207
367000 767471
367100 338392
367200 885709
367300 595158
367400 257192
367500 658153
367600 935666
367700 188432
367800 169327
367900 833161
368000 780819
368100 779707
368200 754967
368300 963066
368400 392823
368500 360534
368600 34832
368700 575304
368800 511199
368900 28383
369000 213050
369100 433193
369200 365569
369300 134193
369400 379235
369500 622494
369600 283601
369700 308552
369800 577846
369900 917974
370000 707735
370100 853680
370200 341726
370300 509965
370400 470501
370500 683389
370600 469541
370700 244403
370800 753293
370900 818349
371000 635307
371100 438540
371200 517733
371300 603990
371400 274470
371500 637219
371600 866179
371700 328124
371800 637343
371900 366479
372000 204465
372100 842755
372200 494246
372300 161520
372400 583961
372500 354954
372600 232158
372700 619885
372800 97891
372900 359085
373000 20244
373100 677656
373200 571201
373300 461801
373400 69514
373500 751488
373600 365614
373700 38089
373800 40850
373900 990189
374000 133913
374100 522404
374200 112666
374300 649903
374400 157549
374500 689267
374600 666087
374700 647011
374800 847877
374900 946976
375000 369135
375100 894302
375200 946842
375300 108598
375400 349151
375500 904402
375600 674900
375700 99057
375800 259860
375900 204483
376000 10721
376100 224501
376200 453457
376300 690535
376400 269947
376500 866036
376600 83455
376700 345105
376800 825509
376900 283907
377000 172938
377100 251332
377200 982274
377300 310347
377400 696893
377500 700984
377600 272466
377700 375720
377800 767635
377900 155972
378000 612905
378100 667979
378200 695316
378300 698768
378400 489453
378500 25691
378600 174209
378700 486265
378800 927461
378900 690446
379000 384789
379100 42630
379200 640838
379300 405515
379400 282522
379500 168271
379600 999958
379700 587742
379800 612364
379900 534854
380000 656852
380100 221591
380200 864390
380300 470390
380400 203169
380500 305392
380600 427419
380700 719971
380800 838821
380900 837632
381000 140780
381100 178621
381200 65202
381300 297344
381400 491807
381500 231282
381600 483207
381700 366041
381800 815290
381900 532383
382000 935688
382100 808370
382200 219260
382300 683413
382400 83539
382500 762264
382600 245692
382700 937001
382800 96933
382900 309570
383000 879266
383100 544754
383200 294993
383300 989740
383400 689907
383500 825239
383600 282550
383700 10317
383800 75915
383900 919131
384000 522189
384100 172074
384200 959255
384300 11139
384400 218786
384500 812008
384600 91590
384700 673296
384800 100654
384900 745082
385000 182958
385100 197144
385200 759996
385300 749577
385400 793728
385500 467124
385600 6656
385700 26383
385800 975458
385900 411775
386000 266735
386100 658573
386200 928124
386300 775799
386400 581202
386500 513773
386600 823647
386700 243853
386800 323157
386900 794871
387000 784862
387100 467827
387200 592739
387300 317501
387400 961292
387500 539753
387600 644915
387700 619007
387800 705337
387900 814691
388000 612424
388100 740888
388200 528518
388300 604774
388400 352908
388500 805954
388600 302897
388700 376694
388800 784361
388900 468729
389000 183021
389100 414996
389200 890389
389300 974670
389400 818903
389500 230648
389600 109996
389700 933625
389800 703563
389900 200444
390000 92795
390100 694066
390200 537955
390300 177816
390400 479913
390500 402818
390600 676930
390700 666458
390800 341574
390900 575230
391000 596936
391100 276508
391200 217536
391300 392759
391400 401479
391500 958555
391600 366525
391700 17184
391800 672083
391900 26638
392000 180847
392100 137813
392200 632860
392300 660394
392400 378896
392500 845043
392600 284811
392700 748693
392800 361515
392900 400966
393000 347580
393100 207876
393200 836124
393300 105143
393400 603949
393500 212674
393600 856283
393700 75975
393800 700078
393900 542188
394000 910752
394100 247834
394200 468776
394300 421059
394400 580755
394500 227217
394600 893156
394700 377299
394800 580841
394900 910933
395000 630760
395100 48066
395200 469618
395300 653982
395400 541847
395500 852071
395600 102184
395700 502807
395800 304713
395900 331556
396000 470041
396100 940726
396200 765785
396300 905676
396400 910437
396500 703940
396600 280225
396700 584577
396800 447669
396900 123319
397000 641856
397100 776040
397200 317765
397300 90533
397400 81071
397500 281421
397600 547504
397700 35261
397800 526614
397900 27643
398000 782272
398100 112545
398200 561142
398300 54238
398400 285064
398500 527217
398600 842715
398700 701348
398800 80996
398900 403402
399000 205292
399100 360614
399200 524480
399300 879550
399400 875773
399500 959402
399600 222654
399700 506068
399800 233339
399900 836438
400000 775684
400100 532463
400200 435627
400300 410391
400400 705677
400500 903399
400600 95961
400700 612598
400800 338919
400900 685249
401000 126543
401100 454593
401200 548709
401300 514289
401400 291849
401500 285180
401600 292409
401700 186902
401800 571079
401900 108436
402000 892065
402100 215495
402200 833821
402300 337887
402400 453842
402500 236778
402600 247850
402700 248235
402800 199242
402900 121725
403000 884615
403100 882637
403200 494242
403300 936431
403400 692777
403500 427271
403600 794666
403700 147390
403800 739867
403900 83948
404000 913338
404100 626372
404200 612592
404300 965837
404400 113512
404500 81152
404600 153784
404700 184577
404800 143530
404900 487945
405000 257588
405100 7801
405200 455041
405300 32967
405400 944101
405500 88694
405600 787110
405700 310208
405800 554445
405900 946989
406000 703269
406100 853908
406200 9046
406300 901852
406400 363951
406500 187740
406600 696723
406700 116118
406800 443326
406900 61360
407000 476169
407100 874224
407200 314411
407300 233922
407400 544202
407500 469314
407600 190675
407700 538555
407800 757206
407900 713565
408000 406032
408100 233290
408200 433422
408300 171318
408400 282834
408500 557353
408600 565708
408700 247900
408800 926861
408900 674555
409000 596310
409100 970208
409200 692591
409300 480777
409400 79422
409500 385590
409600 751239
409700 482842
409800 978636
409900 825665
410000 422489
410100 208704
410200 468471
410300 915977
410400 848048
410500 772139
410600 194917
410700 347784
410800 700419
410900 4636
411000 633270
411100 906597
411200 532095
411300 55033
411400 561300
411500 478373
411600 360015
411700 5980
411800 815353
411900 51177
412000 474017
412100 20648
412200 913613
412300 541743
412400 537823
412500 479453
412600 893264
412700 986554
412800 252576
412900 772908
413000 234429
413100 569009
413200 615222
413300 877905
413400 628923
413500 139821
413600 387667
413700 847589
413800 32746
413900 865403
414000 501221
414100 748557
414200 427663
414300 928708
414400 961053
414500 193028
414600 344794
414700 653314
414800 471422
414900 450494
415000 204102
415100 9307
415200 101055
415300 328518
415400 339620
415500 692753
415600 344760
415700 553918
415800 324691
415900 668658
416000 287226
416100 885206
416200 72150
416300 593235
416400 230893
416500 973495
416600 850318
416700 410036
416800 74538
416900 730400
417000 828773
417100 399286
417200 264813
417300 347305
417400 954299
417500 776545
417600 214515
417700 312580
417800 208554
417900 595136
418000 929764
418100 903049
418200 295583
418300 264299
418400 854292
418500 777399
418600 494712
418700 844783
418800 803122
418900 442369
419000 311358
419100 633025
419200 232897
419300 199603
419400 296894
419500 429344
419600 523665
419700 983063
419800 35418
419900 798447
420000 740943
420100 645995
420200 677266
420300 751533
420400 510690
420500 925602
420600 207792
420700 472798
420800 67230
420900 705710
421000 712454
421100 910154
421200 682532
421300 287194
421400 37685
421500 939313
421600 91308
421700 301649
421800 226773
421900 572600
422000 260723
422100 836554
422200 295727
422300 357151
422400 230318
422500 290162
422600 911944
422700 266584
422800 466352
422900 581068
423000 275250
423100 702359
423200 897091
423300 778334
423400 682704
423500 425806
423600 477446
423700 975080
423800 694950
423900 897819
424000 677519
424100 505458
424200 151719
424300 629832
424400 391054
424500 283261
424600 129486
424700 487938
424800 567227
424900 880650
425000 234202
425100 137183
425200 711849
425300 476133
425400 749181
425500 284587
425600 305975
425700 145918
425800 678531
425900 373049
426000 615462
426100 40207
426200 448810
426300 419465
426400 971986
426500 630805
426600 121650
426700 835302
426800 545853
426900 347151
427000 349574
427100 753790
427200 416159
427300 943384
427400 415144
427500 795345
427600 417722
427700 188818
427800 253805
427900 96058
428000 687634
428100 977679
428200 696754
428300 659105
428400 36506
428500 779169
428600 448201
428700 356898
428800 501355
428900 683491
429000 659573
429100 493349
429200 825129
429300 858392
429400 841226
429500 280002
429600 781985
429700 965786
429800 809048
429900 713512
430000 523326
430100 937055
430200 632929
430300 912465
430400 968855
430500 175191
430600 804172
430700 22183
430800 37388
430900 76662
431000 91000
431100 158311
431200 778757
431300 206332
431400 601699
431500 779799
431600 424986
431700 196142
431800 374596
431900 208113
432000 113737
432100 636665
432200 257463
432300 219349
432400 725406
432500 161835
432600 609024
432700 510052
432800 204240
432900 874315
433000 382443
433100 900072
433200 827834
433300 861127
433400 812765
433500 853313
433600 329355
433700 184578
433800 737450
433900 101935
434000 258842
434100 730870
434200 960197
434300 36317
434400 831850
434500 367431
434600 84214
434700 446308
434800 161950
434900 466304
435000 114855
435100 955933
435200 962672
435300 64288
435400 890194
435500 114164
435600 220269
435700 660272
435800 156240
435900 533383
436000 248654
436100 345257
436200 185471
436300 502115
436400 925269
436500 495968
436600 225764
436700 358180
436800 553572
436900 548848
437000 123286
437100 353341
437200 491644
437300 912181
437400 668311
437500 350445
437600 266991
437700 266332
437800 465668
437900 754496
438000 871960
438100 547680
438200 367732
438300 135281
438400 629394
438500 476561
438600 709363
438700 75153
438800 228448
438900 373310
439000 100805
439100 691310
439200 896225
439300 482101
439400 503469
439500 836975
439600 635526
439700 806802
439800 7013
439900 421032
440000 420128
440100 237051
440200 245192
440300 951953
440400 805347
440500 591270
440600 660911
440700 526758
440800 22369
440900 285633
441000 109901
441100 836614
441200 648486
441300 324365
441400 955155
441500 691607
441600 115353
441700 421368
441800 843390
441900 951753
442000 460159
442100 487908
442200 413975
442300 662083
442400 537808
442500 849595
442600 427960
442700 213220
442800 448667
442900 236530
443000 181532
443100 529847
443200 697434
443300 740804
443400 985507
443500 603115
443600 82745
443700 525537
443800 93894
443900 902045
444000 564115
444100 755726
444200 758639
444300 412484
444400 592710
444500 317376
444600 162672
444700 617941
444800 454771
444900 707783
445000 18104
445100 570053
445200 539880
445300 67771
445400 678832
445500 385155
445600 555621
445700 399085
445800 664097
445900 279465
446000 850407
446100 880271
446200 452616
446300 721504
446400 169016
446500 269555
446600 149450
446700 812665
446800 64715
446900 340794
447000 460821
447100 262899
447200 679143
447300 759243
447400 955720
447500 515388
447600 333160
447700 879960
447800 456896
447900 485360
448000 714205
448100 25511
448200 635506
448300 215973
448400 720274
448500 796863
448600 345294
448700 614489
448800 503475
448900 666682
449000 829684
449100 416182
449200 315912
449300 983684
449400 278586
449500 677949
449600 838021
449700 370676
449800 102042
449900 358350
450000 6769
450100 801608
450200 218003
450300 972789
450400 96375
450500 505657
450600 259605
450700 318581
450800 213788
450900 318302
451000 416249
451100 772493
451200 556582
451300 809625
451400 329052
451500 887958
451600 757181
451700 106212
451800 187998
451900 484909
452000 381727
452100 392266
452200 417157
452300 214770
452400 270587
452500 53082
452600 537894
452700 393734
452800 478531
452900 357581
453000 358091
453100 325980
453200 222623
453300 803188
453400 458245
453500 563913
453600 96136
453700 124450
453800 400271
453900 621451
454000 227042
454100 270339
454200 434200
454300 903516
454400 89131
454500 684000
454600 269816
454700 76321
454800 20269
454900 980981
455000 10514
455100 906273
455200 547415
455300 77487
455400 425799
455500 747001
455600 730216
455700 526714
455800 256439
455900 756250
456000 897499
456100 624196
456200 409024
456300 901264
456400 457588
456500 636425
456600 104341
456700 628355
456800 925450
456900 333698
457000 664149
457100 388509
457200 212091
457300 25509
457400 108217
457500 104967
457600 19441
457700 271648
457800 888412
457900 259122
458000 3872
458100 243388
458200 256536
458300 602676
458400 925269
458500 415965
458600 638294
458700 273427
458800 468876
458900 293668
459000 753626
459100 846326
459200 892848
459300 850948
459400 965146
459500 577768
459600 24375
459700 113922
459800 446432
459900 614416
460000 139856
460100 521026
460200 100858
460300 539216
460400 779603
460500 831179
460600 643263
460700 80144
460800 525252
460900 857778
461000 37772
461100 46543
461200 412690
461300 7218
461400 212023
461500 375825
461600 443554
461700 447004
461800 815557
461900 173881
462000 29846
462100 340325
462200 619403
462300 118754
462400 503390
462500 954492
462600 492063
462700 805176
462800 589831
462900 176335
463000 279784
463100 663890
463200 634460
463300 255569
463400 502689
463500 621578
463600 959390
463700 176750
463800 421322
463900 993358
464000 699385
464100 956646
464200 32125
464300 357244
464400 533279
464500 42920
464600 879402
464700 804760
464800 218398
464900 466415
465000 586550
465100 114261
465200 952038
465300 689376
465400 857348
465500 89440
465600 150725
465700 735948
465800 277815
465900 46547
466000 623487
466100 973468
466200 809408
466300 70167
466400 916043
466500 168542
466600 131354
466700 505627
466800 28740
466900 230807
467000 971764
467100 316249
467200 444910
467300 433753
467400 818301
467500 157917
467600 964071
467700 131095
467800 44486
467900 153680
468000 984142
468100 961088
468200 755947
468300 281001
468400 756377
468500 641615
468600 887868
468700 225139
468800 366460
468900 227900
469000 663119
469100 117861
469200 523305
469300 974092
469400 123162
469500 916267
469600 315885
469700 193766
469800 906807
469900 228710
470000 923106
470100 821472
470200 802638
470300 501112
470400 160254
470500 800231
470600 872627
470700 329381
470800 411681
470900 397346
471000 136755
471100 969015
471200 813018
471300 408488
471400 547767
471500 795523
471600 329972
471700 890706
471800 902282
471900 486785
472000 284318
472100 533881
472200 429687
472300 205922
472400 907531
472500 758954
472600 174880
472700 50728
472800 187892
472900 663731
473000 8248
473100 291518
473200 294580
473300 657589
473400 354752
473500 331658
473600 426245
473700 653078
473800 106757
473900 595921
474000 38044
474100 105482
474200 974410
474300 930443
474400 154765
474500 95283
474600 827623
474700 31586
474800 747264
474900 539163
475000 323484
475100 572246
475200 430438
475300 976208
475400 906213
475500 654962
475600 778390
475700 98491
475800 428870
475900 743354
476000 347236
476100 200700
476200 958462
476300 25206
476400 11861
476500 309747
476600 55854
476700 520506
476800 149623
476900 194898
477000 652056
477100 145529
477200 320445
477300 540403
477400 628302
477500 300322
477600 93402
477700 608756
477800 791464
477900 602792
478000 83677
478100 67233
478200 114865
478300 63656
478400 480723
478500 486246
478600 166936
478700 661550
478800 996125
478900 165846
479000 209374
479100 377868
479200 445679
479300 72661
479400 970057
479500 286359
479600 304010
479700 84840
479800 604604
479900 966299
480000 493155
480100 890544
480200 414728
480300 653977
480400 491394
480500 713852
480600 638966
480700 189649
480800 603519
480900 272349
481000 549933
481100 269823
481200 610798
481300 996214
481400 404939
481500 116581
481600 892177
481700 332240
481800 836915
481900 985859
482000 232890
482100 300567
482200 127967
482300 348574
482400 390606
482500 941894
482600 77417
482700 432141
482800 564408
482900 549823
483000 489944
483100 501321
483200 844796
483300 763189
483400 508219
483500 993588
483600 782872
483700 587698
483800 657342
483900 736384
484000 428672
484100 971606
484200 885895
484300 335185
484400 315366
484500 323726
484600 542005
484700 343883
484800 974950
484900 426063
485000 413054
485100 801692
485200 497583
485300 58914
485400 553982
485500 607279
485600 709849
485700 762038
485800 994949
485900 216413
486000 865188
486100 612821
486200 489695
486300 212225
486400 940056
486500 573880
486600 501056
486700 647507
486800 500388
486900 816218
487000 101908
487100 434465
487200 318554
487300 571092
487400 295653
487500 242384
487600 845836
487700 816132
487800 676977
487900 947700
488000 332771
488100 150122
488200 270348
488300 698842
488400 638761
488500 572386
488600 132566
488700 171354
488800 902555
488900 308680
489000 997
489100 658305
489200 180053
489300 331477
489400 311148
489500 546301
489600 58571
489700 661733
489800 174650
489900 93703
490000 586379
490100 261915
490200 548955
490300 351661
490400 436480
490500 558296
490600 135446
490700 998753
490800 403578
490900 555604
491000 741013
491100 971270
491200 81363
491300 534386
491400 336137
491500 576771
491600 976139
491700 50883
491800 854189
491900 5169
492000 652541
492100 997811
492200 960659
492300 659360
492400 163865
492500 971481
492600 786583
492700 238151
492800 287930
492900 900450
493000 429997
493100 664438
493200 307037
493300 818516
493400 34744
493500 966653
493600 617133
493700 389000
493800 781586
493900 262332
494000 770252
494100 835999
494200 765244
494300 280466
494400 142054
494500 816381
494600 937622
494700 780255
494800 699135
494900 678250
495000 738214
495100 814
495200 999189
495300 11454
495400 627061
495500 29417
495600 940303
495700 524936
495800 438194
495900 816528
496000 839761
496100 97855
496200 915826
496300 542832
496400 924505
496500 881426
496600 841850
496700 394979
496800 80573
496900 968397
497000 3254
497100 478148
497200 809181
497300 498333
497400 14029
497500 146003
497600 76954
497700 775341
497800 661399
497900 459963
498000 58150
498100 88274
498200 491859
498300 374750
498400 212721
498500 94695
498600 81268
498700 947674
498800 847907
498900 576927
499000 326782
499100 902378
499200 305754
499300 223857
499400 977868
499500 313233
499600 936745
499700 605741
499800 458977
499900 617436
500000 817589
500100 571654
500200 164094
500300 110617
500400 743086
500500 575724
500600 583689
500700 478234
500800 895089
500900 982292
501000 356873
501100 987530
501200 774392
501300 492552
501400 77341
501500 170163
501600 559393
501700 810423
501800 229233
501900 862482
502000 279628
502100 136281
502200 773016
502300 887190
502400 446734
502500 409219
502600 347072
502700 17019
502800 302442
502900 936973
503000 306899
503100 310596
503200 566516
503300 644523
503400 484047
503500 927209
503600 203130
503700 789566
503800 921706
503900 593391
504000 798167
504100 485115
504200 92896
504300 853254
504400 162019
504500 358021
504600 549075
504700 851629
504800 400380
504900 941764
505000 367145
505100 85808
505200 488590
505300 244215
505400 264791
505500 549529
505600 85560
505700 850434
505800 643590
505900 327587
506000 781213
506100 834344
506200 841749
506300 760194
506400 208207
506500 703098
506600 685332
506700 561064
506800 224608
506900 421225
507000 459613
507100 582203
507200 382428
507300 110410
507400 183350
507500 552617
507600 850300
507700 461841
507800 58011
507900 805563
508000 739754
508100 996177
508200 881487
508300 331860
508400 77383
508500 823197
508600 307527
508700 865289
508800 458601
508900 217634
509000 493440
509100 572819
509200 957756
509300 960222
509400 380606
509500 49673
509600 39071
509700 90131
509800 32836
509900 135028
