100
4 3
4 5 6 4
4 2
4 5 6 4
3 3
1 1 1
100 3
82 18 76 10 4 74 27 98 65 50 11 65 70 56 65 62 54 92 20 5 11 94 83 17 63 58 20 77 37 80 5 27 22 70 62 72 5 79 41 64 52 20 44 19 47 57 95 28 61 10 25 90 14 35 62 23 70 68 59 20 91 26 98 6 40 98 71 41 97 16 44 92 74 88 31 15 78 29 28 75 58 23 35 35 95 97 2 78 26 44 13 92 17 47 26 44 98 41 53 89
100 3
8 47 43 52 23 25 40 97 88 81 32 88 59 76 67 82 17 1 89 13 58 70 55 41 29 85 5 28 82 21 28 21 31 16 7 47 46 84 27 79 98 58 37 53 43 20 60 46 73 55 17 43 35 7 91 37 11 79 32 11 15 1 83 88 88 41 62 50 28 34 25 34 85 43 85 55 98 14 32 19 68 61 52 53 34 8 55 82 37 73 4 84 25 58 22 4 67 82 52 25
100 3
17 63 20 35 95 64 78 79 89 28 41 68 90 80 62 73 44 44 47 11 35 82 92 50 64 67 19 30 23 17 97 59 44 25 47 15 2 74 65 41 47 83 77 20 21 78 44 41 17 37 50 49 76 44 71 34 77 98 71 92 73 76 85 17 41 44 25 79 11 19 70 46 96 83 86 32 67 80 29 53 58 34 98 49 44 54 58 3 56 74 14 55 77 73 56 50 12 35 35 91
100 3
97 79 37 57 55 11 25 38 37 60 61 86 40 61 19 7 16 43 67 67 77 11 59 62 72 82 95 16 16 9 93 20 88 18 19 5 34 59 13 64 43 31 74 44 25 61 47 10 67 25 25 67 43 89 82 88 88 64 83 88 1 37 89 70 49 28 62 23 13 19 26 70 10 45 81 55 40 91 82 19 31 74 26 27 82 25 46 74 6 49 40 67 97 92 77 22 83 38 74 10
100 3
73 32 56 85 2 68 35 83 47 50 28 23 16 21 86 5 80 70 65 47 29 80 49 43 85 68 72 26 44 47 53 28 5 25 50 8 34 64 74 14 7 38 65 50 50 10 29 83 40 89 8 74 47 28 34 17 41 64 86 2 5 2 92 11 88 73 13 1 37 8 44 67 37 95 5 71 32 11 15 44 57 14 68 50 37 52 45 80 50 46 71 77 29 44 58 56 67 83 12 40
2 3
85 88
100 3
86 92 30 81 92 95 70 65 8 70 65 5 62 92 77 17 50 71 91 52 58 32 89 53 88 86 21 47 86 71 18 8 56 40 10 28 62 71 5 97 95 26 23 14 81 86 12 23 71 95 86 9 80 2 20 41 66 55 12 59 38 68 62 27 17 54 2 69 22 97 22 66 8 21 79 52 80 59 68 35 80 95 98 35 14 35 8 56 4 65 71 61 65 82 19 71 52 37 11 78
100 3
16 23 55 33 37 91 64 23 14 22 20 98 4 67 8 85 77 89 28 31 71 70 65 16 70 51 3 44 94 57 29 67 67 75 11 46 97 5 46 43 61 35 28 45 34 73 38 68 73 23 79 77 4 5 94 80 54 76 85 29 46 41 7 79 43 98 92 10 22 34 68 64 73 88 79 25 82 46 98 91 14 79 17 28 28 91 98 5 76 22 30 19 52 85 28 67 13 34 97 43
100 3
91 32 53 40 34 64 56 19 88 2 4 55 5 49 91 1 76 3 46 91 44 22 2 25 91 37 53 10 97 59 31 71 4 25 29 39 28 49 44 78 49 59 55 77 22 7 23 85 58 97 67 58 7 58 10 14 82 91 26 28 43 1 52 14 40 43 86 88 67 25 62 8 91 86 30 19 35 38 94 76 11 16 8 34 55 94 73 26 40 78 19 62 78 68 91 53 97 60 4 92
100 3
89 31 92 7 50 4 85 44 2 50 55 38 32 30 13 37 92 11 6 5 9 59 68 38 43 81 48 26 37 2 38 83 18 74 57 74 91 94 83 63 5 11 39 38 69 60 47 76 75 23 7 17 29 82 3 43 68 31 44 91 97 43 19 55 95 86 47 11 5 13 11 74 50 2 80 95 55 84 83 31 86 44 61 9 43 61 49 56 50 11 52 83 71 64 88 43 49 8 71 38
16 3
2 26 35 88 43 38 22 58 56 23 43 28 4 89 11 91
14 3
49 74 20 14 76 28 50 40 76 22 1 10 47 31
2 3
47 74
100 3
80 58 65 76 53 35 11 44 1 59 52 73 34 22 56 65 97 97 33 84 23 1 17 44 71 11 55 74 51 52 62 19 55 91 67 40 40 76 86 40 22 47 20 46 92 1 67 18 13 7 22 52 90 16 70 13 40 52 29 45 25 77 17 4 1 82 52 58 88 77 1 81 37 39 69 64 4 5 86 17 94 41 65 88 40 59 58 52 73 25 17 8 86 59 28 40 35 80 64 59
17 3
92 92 93 40 13 66 75 44 85 8 79 30 82 19 8 18 38
100 3
79 14 16 4 74 62 64 64 82 16 20 91 71 23 88 11 16 31 61 17 73 59 79 80 92 14 91 70 94 61 11 25 82 47 4 22 41 67 58 58 29 22 95 23 79 53 7 95 61 89 37 35 71 67 13 83 55 35 80 4 14 41 37 29 55 76 89 89 31 71 68 74 67 98 83 35 14 35 59 98 52 10 31 95 85 97 74 5 86 86 76 38 26 71 91 29 22 7 40 25
100 3
5 35 98 26 59 16 56 85 2 35 65 95 77 86 35 15 60 2 37 76 50 51 26 16 91 8 85 68 13 8 24 49 35 7 59 14 74 91 79 96 87 8 42 23 49 90 65 21 53 89 22 90 98 85 86 89 91 89 79 38 17 92 3 76 74 68 59 95 77 29 96 79 65 73 79 35 95 98 10 50 85 88 68 34 91 29 94 52 16 28 26 92 23 83 65 1 91 26 65 11
14 3
23 66 28 23 43 32 2 64 5 94 86 13 4 13
100 3
74 65 80 28 80 46 59 37 56 77 79 38 2 89 53 53 26 80 45 35 98 41 92 59 47 98 70 22 64 53 24 79 95 97 29 49 86 97 59 8 10 17 61 56 62 74 50 97 71 97 47 62 14 36 4 4 82 93 28 29 49 33 92 41 3 39 62 53 41 77 22 95 92 50 51 85 13 40 46 5 95 15 44 62 83 29 14 85 88 23 39 8 44 5 89 45 41 26 39 83
100 3
71 92 80 5 90 55 20 77 54 55 34 59 48 8 58 59 64 11 55 83 58 94 25 68 74 35 53 26 70 60 14 77 20 93 27 2 62 84 80 52 32 44 32 74 8 10 49 16 88 49 2 50 23 35 8 39 37 41 67 38 42 32 52 44 84 98 29 70 27 23 12 51 83 71 88 16 2 2 53 14 7 22 41 50 79 65 89 38 25 59 59 1 88 70 43 5 39 88 89 44
100 3
13 86 52 40 40 37 13 82 17 8 82 71 53 70 92 26 82 25 10 86 1 89 98 79 79 94 40 61 43 11 31 91 34 88 70 1 49 85 91 61 94 73 52 32 81 45 53 70 64 42 94 79 52 83 76 92 47 27 64 32 22 61 19 76 10 3 40 75 16 25 28 35 98 28 10 77 35 65 61 73 64 90 76 85 33 80 59 56 59 37 73 28 55 85 88 16 11 64 20 61
18 3
68 11 68 13 71 53 4 26 68 10 16 61 57 22 85 11 80 44
100 3
77 53 65 94 75 56 77 10 17 31 41 53 42 98 84 95 71 65 40 37 62 59 19 29 71 86 11 91 34 85 5 14 92 20 32 45 96 82 4 14 63 44 47 76 13 29 68 13 97 68 68 28 38 50 10 65 92 52 26 17 97 17 22 26 55 98 29 38 4 55 67 77 30 63 17 95 20 23 76 14 61 52 41 13 34 8 7 17 83 20 80 35 47 51 77 67 20 38 29 46
100 3
73 41 34 81 48 67 7 71 5 17 72 25 76 70 11 97 3 10 42 19 76 83 16 94 7 86 52 37 60 67 14 73 75 84 29 35 20 14 67 55 26 68 36 24 70 37 89 98 83 8 67 2 65 72 3 87 11 91 18 30 95 87 16 78 66 8 12 25 55 77 88 2 45 38 76 15 98 72 90 74 57 68 88 21 60 81 9 91 16 73 45 8 86 40 87 41 42 92 51 48
100 3
34 59 94 5 80 97 38 71 26 53 41 74 70 56 4 14 20 19 80 20 85 4 11 61 50 46 79 73 89 20 28 85 26 17 65 26 49 22 38 85 83 70 88 70 41 73 79 83 32 61 95 73 76 26 35 74 38 94 62 56 77 97 92 50 10 71 86 56 95 50 74 68 46 94 29 98 23 22 62 37 62 38 46 49 76 13 59 31 8 13 55 88 43 59 53 76 13 29 37 82
100 3
5 44 53 22 53 89 98 92 22 35 44 46 76 29 17 88 28 89 68 54 22 47 93 86 82 30 56 6 53 17 2 23 25 62 47 45 89 91 6 29 47 71 37 44 31 10 5 11 73 3 62 60 19 25 8 37 2 38 85 16 73 56 65 20 10 32 26 56 2 29 68 32 16 30 64 38 25 95 59 14 41 77 31 35 19 80 23 76 42 27 79 50 77 10 89 35 40 68 82 91
100 3
55 25 91 95 61 46 26 7 92 91 86 61 70 7 95 25 88 61 31 58 1 31 46 97 34 97 73 55 64 71 7 71 4 68 14 17 13 52 61 4 73 61 83 25 28 46 46 1 64 59 33 61 19 91 56 15 14 17 40 29 49 58 7 25 92 23 7 46 61 1 79 49 43 17 48 29 79 49 76 13 36 92 37 11 51 97 61 90 70 64 19 31 31 94 88 97 23 76 7 28
100 3
50 83 33 72 49 74 74 65 83 49 38 1 41 73 83 22 83 89 44 56 13 34 95 94 39 61 86 43 20 70 58 98 23 59 92 64 58 38 19 17 89 50 20 28 92 25 29 1 19 7 26 93 32 35 43 11 98 59 8 20 82 5 62 82 32 64 74 52 16 53 29 57 47 74 95 30 41 10 5 62 19 79 93 19 83 77 56 77 9 83 94 58 17 38 17 80 53 30 79 64
100 3
73 91 28 40 28 59 87 32 21 11 56 98 38 94 80 44 58 59 17 36 59 64 89 17 98 53 44 97 47 81 53 50 89 46 56 65 56 84 10 55 59 72 74 53 74 77 23 77 86 73 49 73 28 95 52 26 73 66 55 37 56 38 41 16 56 92 46 24 8 83 79 11 32 74 14 17 71 79 77 23 4 55 58 79 35 9 97 38 74 68 28 13 80 53 11 92 57 59 29 15
1 3
1
100 3
6 94 3 26 22 98 67 31 36 13 73 46 61 17 76 70 10 1 94 88 11 8 73 14 58 16 91 37 12 10 37 52 44 2 64 72 89 22 21 67 85 19 91 47 43 52 36 68 61 16 2 7 91 43 79 46 73 17 23 53 94 97 52 58 45 34 55 8 62 2 45 20 97 15 13 64 71 36 4 25 52 73 85 43 13 97 17 91 26 31 89 91 66 85 85 76 88 14 89 34
100 3
34 4 83 87 67 34 73 24 98 67 16 19 64 15 38 67 97 19 34 49 34 22 81 73 1 71 49 53 61 88 52 41 5 77 7 19 25 1 19 47 1 90 1 92 35 88 70 17 85 58 50 95 14 47 5 89 98 66 62 28 43 37 58 20 29 43 7 6 85 82 55 31 49 83 22 4 13 53 43 8 28 28 12 83 7 16 42 71 91 52 34 34 68 65 53 51 26 80 55 74
100 3
70 70 79 18 60 52 10 8 77 25 55 28 1 25 2 16 43 39 59 85 34 28 2 1 13 31 98 28 40 64 73 7 61 22 79 68 73 44 4 4 57 52 80 49 82 86 73 55 79 46 37 3 79 43 67 16 82 95 69 95 70 4 73 73 10 55 7 49 31 52 34 20 16 76 83 58 94 44 50 61 11 70 14 82 31 52 1 57 43 17 79 90 28 67 41 43 58 71 7 37
100 3
4 85 82 79 4 56 71 49 6 1 58 80 46 16 58 90 71 19 67 65 55 22 53 8 28 67 42 37 2 19 94 97 9 74 13 19 40 64 34 82 31 7 18 63 49 91 19 53 55 91 16 88 59 78 51 22 43 1 74 89 28 68 55 6 28 58 50 46 71 19 14 66 20 43 29 64 89 25 25 19 53 85 84 40 76 49 37 94 41 97 64 7 16 54 1 4 64 21 48 4
100 3
44 68 26 38 26 95 25 88 77 17 18 59 71 40 68 22 38 13 94 4 61 74 23 47 26 29 26 77 67 44 98 85 92 77 40 33 79 56 2 20 56 58 1 41 59 39 34 81 68 71 40 71 32 86 74 5 18 80 49 44 81 97 50 38 98 37 31 37 44 23 89 50 43 38 26 10 71 61 64 98 23 23 92 74 8 86 35 26 93 88 69 20 28 55 65 52 78 48 50 43
100 3
82 61 62 62 19 73 25 97 18 43 1 58 37 7 3 86 67 88 43 19 43 21 44 2 97 32 10 82 86 64 1 94 29 81 3 22 45 85 83 79 4 37 85 20 7 94 1 37 40 67 94 79 79 17 49 62 40 34 58 62 32 73 28 40 65 35 86 13 1 71 4 7 94 96 68 52 20 55 1 46 79 29 49 92 70 48 53 40 28 82 14 61 91 52 52 49 40 37 49 82
100 3
8 11 35 47 95 77 59 56 89 83 5 88 37 56 91 3 35 95 69 81 43 83 65 50 52 52 66 67 48 31 35 92 56 2 65 89 73 1 63 95 85 56 32 59 6 41 70 59 47 20 56 30 46 42 20 73 86 74 88 14 25 65 55 65 65 7 14 20 38 4 86 88 77 13 9 2 71 14 95 26 65 71 53 82 93 35 65 49 5 61 56 53 86 50 50 33 87 46 64 70
100 3
17 68 64 53 83 71 26 62 5 11 72 59 85 89 66 47 13 3 20 71 67 58 3 13 23 74 87 18 8 44 64 70 17 29 34 29 89 38 35 77 74 45 49 98 95 44 31 71 25 41 35 25 59 65 2 59 47 29 17 86 88 41 52 86 53 67 91 16 81 3 31 62 80 53 65 9 48 44 32 50 59 89 25 9 1 20 64 79 59 74 80 11 80 29 17 46 98 41 86 73
21 3
35 51 82 73 40 61 11 76 28 13 61 68 50 49 74 55 83 28 82 47 38
100 3
20 61 79 69 28 47 4 19 80 75 4 40 43 95 74 21 4 11 17 32 37 26 44 58 13 95 94 4 71 22 22 25 88 52 36 89 16 46 79 91 88 64 22 92 10 55 67 49 34 94 41 57 31 85 55 28 10 38 58 1 52 25 22 31 58 31 21 80 88 28 82 27 37 63 43 80 77 94 22 62 40 41 37 10 13 70 50 82 35 91 84 68 61 97 31 16 46 84 94 10
100 3
12 61 31 62 62 19 24 87 86 72 31 89 32 71 70 32 98 44 51 59 11 95 52 23 80 91 95 73 26 86 65 32 68 76 41 72 47 62 52 38 21 11 40 4 76 71 75 34 87 44 80 13 29 67 88 92 94 32 44 77 32 26 2 77 18 14 35 38 35 76 29 3 62 11 19 52 47 20 83 44 26 51 41 80 44 82 38 44 47 14 90 29 82 71 94 47 47 29 17 54
100 3
32 47 5 62 6 40 38 60 35 7 58 23 2 77 20 91 98 5 5 17 74 89 94 31 86 41 40 41 71 82 82 2 50 24 94 94 82 14 62 29 86 32 79 73 71 5 16 86 59 8 67 41 19 33 1 81 44 74 6 32 72 38 85 65 11 94 29 50 47 23 64 27 73 22 58 41 86 32 89 85 75 89 8 74 92 26 98 80 34 29 53 59 11 86 1 98 44 44 38 14
100 3
16 58 52 43 64 65 16 59 73 11 10 55 73 88 91 52 1 97 46 62 4 4 85 55 55 16 98 77 49 83 28 58 87 85 31 28 4 61 7 39 16 55 76 89 1 27 70 4 35 1 17 96 95 58 58 24 37 34 28 87 11 40 58 75 10 4 17 68 14 79 31 36 28 9 70 43 89 31 87 34 40 34 67 61 90 94 22 35 46 68 64 34 28 46 98 71 41 61 68 26
100 3
46 68 74 7 5 78 73 6 65 31 72 74 79 13 73 76 34 44 59 62 37 84 55 38 65 23 74 53 47 32 80 9 29 67 10 25 4 67 20 89 5 57 76 89 76 1 51 83 35 29 14 20 26 47 53 17 2 26 17 95 57 10 85 76 36 6 35 62 20 3 31 17 72 35 49 17 59 39 3 86 56 80 26 2 59 94 2 41 50 65 51 98 65 71 24 37 68 50 44 86
100 3
52 15 64 40 29 97 19 43 85 91 2 77 19 94 86 29 7 10 80 4 52 62 31 49 38 50 35 49 20 13 28 28 67 34 16 73 58 46 68 29 46 13 88 64 58 23 11 67 62 5 38 16 32 77 75 19 43 7 97 16 42 77 74 16 53 91 49 80 42 4 84 48 89 25 96 24 71 11 75 61 76 28 19 61 78 37 11 15 50 12 4 4 29 42 97 10 34 76 73 37
100 3
57 77 59 39 49 57 85 23 95 86 69 80 59 18 64 27 23 56 7 43 8 43 6 8 20 8 13 35 65 89 32 47 19 24 76 91 86 59 41 12 11 25 7 57 44 88 85 16 28 17 38 37 2 35 95 51 34 10 63 83 10 95 14 88 6 61 14 49 43 2 3 38 35 97 52 38 80 47 73 35 28 50 8 80 17 50 86 50 61 59 90 11 14 2 26 73 29 74 77 61
100 3
51 58 73 64 73 62 6 43 44 85 68 53 58 61 82 55 70 60 49 44 13 67 61 97 10 16 13 34 95 1 91 1 79 25 65 82 52 25 73 50 34 25 1 38 64 37 25 61 49 79 19 52 10 74 76 71 27 20 4 67 74 88 92 25 4 72 7 55 4 23 25 8 91 43 67 97 94 52 31 70 85 74 37 41 76 44 64 79 17 73 97 88 43 58 28 67 7 46 49 6
100 3
6 19 38 16 88 26 86 83 89 95 85 50 95 61 70 47 98 47 34 79 94 73 89 17 1 66 68 8 41 45 67 67 71 27 17 22 29 19 14 86 86 11 11 70 62 35 47 95 12 83 52 56 48 92 91 12 34 51 97 71 6 23 20 77 19 47 67 68 18 68 76 89 71 46 62 77 47 19 37 8 64 61 29 47 19 73 94 32 65 35 65 67 61 14 39 5 17 56 76 59
100 3
77 47 71 18 6 92 68 61 71 38 26 35 29 63 25 24 38 44 44 68 98 76 32 89 74 84 28 77 62 18 39 56 86 20 50 95 51 90 51 88 88 59 44 35 16 64 15 92 5 20 8 29 65 67 35 50 28 32 86 31 55 17 65 20 36 62 30 38 70 14 62 81 61 25 43 92 92 20 74 91 41 13 2 11 29 41 26 89 23 88 17 68 49 2 87 53 55 70 46 95
22 3
44 72 86 29 60 2 34 89 8 38 26 46 11 27 7 61 65 35 82 13 76 96
100 3
92 1 49 49 19 87 3 52 37 43 25 35 11 76 58 52 19 64 88 94 52 3 91 94 25 75 62 71 85 74 47 54 7 57 88 33 88 5 59 97 76 75 97 37 94 10 67 2 92 25 17 28 67 79 71 81 88 31 91 46 75 64 98 73 91 1 8 70 59 96 32 28 90 28 28 31 79 62 95 18 85 58 10 85 29 31 13 89 65 64 49 22 67 62 34 76 92 34 40 98
100 3
91 71 68 87 7 24 29 74 34 70 37 67 68 56 73 64 36 83 50 37 31 89 74 98 52 53 83 29 68 71 16 2 37 37 37 71 80 86 28 35 88 92 30 83 44 2 71 29 10 88 38 29 35 65 11 68 20 61 17 46 13 21 23 43 85 55 3 53 23 5 20 1 20 42 14 50 26 85 59 59 17 24 13 25 20 13 5 83 19 17 95 11 39 2 62 35 74 53 42 95
100 3
35 24 82 85 98 17 74 38 34 32 5 43 17 64 95 52 43 85 32 65 5 71 29 62 87 43 11 44 77 59 31 50 47 26 5 74 29 26 26 46 83 23 14 26 57 77 6 64 90 83 59 20 32 62 52 59 20 1 73 58 51 92 5 62 31 8 86 63 50 22 16 21 22 44 8 5 74 89 98 20 85 64 41 59 11 5 16 10 53 60 5 51 53 83 50 53 88 5 8 56
100 3
59 80 1 43 47 20 11 94 32 97 15 20 96 10 47 53 17 68 62 3 44 59 71 55 23 40 47 7 29 13 93 95 64 95 25 83 92 20 98 38 24 41 86 74 38 79 98 23 46 41 32 67 2 29 12 74 95 77 65 29 68 11 76 92 98 53 35 55 11 87 40 26 94 23 38 61 29 50 39 53 62 5 52 40 28 55 27 86 61 95 37 46 89 74 76 50 62 43 64 47
1 2
45
18 2
44 19 23 12 88 36 29 70 35 55 93 85 8 12 33 50 62 28
100 3
48 57 55 31 3 7 44 20 39 45 8 83 61 44 61 71 58 25 20 51 98 63 30 94 53 4 41 22 71 26 79 20 85 70 83 44 73 61 79 58 31 46 10 52 4 52 52 23 34 38 53 4 76 88 29 5 85 10 87 88 4 19 86 22 79 61 29 58 62 76 86 52 79 9 73 26 32 10 67 68 62 5 10 74 37 20 97 19 17 39 81 94 35 19 50 19 45 59 58 97
100 3
34 43 65 27 28 55 7 73 82 7 49 74 19 16 94 40 71 17 93 90 47 56 89 94 91 73 56 17 82 80 12 97 28 47 88 34 55 14 79 1 46 85 49 20 32 58 88 74 45 39 35 55 40 22 61 39 76 44 37 97 84 55 61 25 83 70 16 67 61 23 95 31 81 83 35 31 22 91 22 11 21 92 94 22 8 61 12 18 52 33 16 17 43 66 4 55 26 98 61 97
100 3
53 44 17 34 21 46 89 31 73 2 80 47 17 83 80 49 34 35 92 86 44 47 49 38 95 41 38 44 12 10 20 62 97 3 44 13 19 11 44 62 50 13 67 89 35 44 59 74 41 59 5 95 71 68 52 64 78 8 62 61 56 77 29 2 5 20 86 22 62 59 4 68 92 71 80 38 47 40 5 77 35 13 53 88 53 83 88 94 80 31 40 29 37 14 20 28 83 86 20 8
100 3
74 61 37 22 71 30 53 55 23 25 84 74 62 41 81 96 40 49 70 58 77 46 10 38 11 46 55 85 89 55 98 19 23 38 5 64 75 32 65 93 41 4 78 37 52 8 52 67 97 22 10 16 71 91 56 73 54 67 49 91 34 91 11 1 7 79 76 4 25 46 5 27 5 59 14 91 1 71 28 63 86 77 84 14 91 56 1 58 95 55 71 61 88 41 41 34 15 59 73 79
100 3
89 31 6 17 16 60 81 94 70 26 35 88 19 49 35 65 61 97 87 50 70 16 17 46 53 7 82 7 26 77 56 64 70 73 13 1 40 79 79 61 93 22 9 55 52 49 24 39 53 31 25 18 77 8 97 34 76 1 16 97 49 62 5 94 31 7 22 22 38 29 84 77 85 49 6 76 89 55 29 95 46 67 25 16 1 6 25 27 94 55 76 61 46 61 98 76 67 26 54 77
100 3
65 65 2 25 8 83 71 77 31 68 35 56 26 39 9 41 78 55 50 41 92 11 43 4 29 35 26 7 64 67 92 86 91 65 47 82 29 79 62 32 47 53 52 61 16 80 25 31 50 50 98 92 64 38 51 70 98 64 63 17 77 50 92 57 26 8 2 5 50 53 94 16 79 58 2 38 17 53 80 61 40 68 4 65 82 14 14 5 86 20 80 83 41 52 5 57 5 92 8 36
100 3
22 28 86 81 79 88 94 69 10 41 85 53 52 94 43 10 85 87 98 31 42 32 40 81 82 85 40 79 86 73 37 60 52 56 13 13 47 62 19 53 16 21 61 77 57 88 32 73 11 5 14 21 64 28 26 52 10 59 49 26 12 96 49 2 95 64 43 2 83 72 1 94 43 44 52 70 22 52 86 40 48 97 2 29 40 58 67 52 40 32 62 79 63 97 74 95 1 36 91 49
100 3
67 93 80 1 26 66 29 37 74 7 52 28 21 59 60 31 72 25 60 70 48 25 31 52 38 52 60 52 98 94 61 4 19 52 61 49 58 46 88 73 4 71 60 56 66 83 25 8 98 19 4 98 59 34 73 25 47 41 90 95 9 68 22 90 46 49 10 52 28 28 36 64 70 34 43 62 1 96 35 97 63 64 66 91 10 44 55 70 52 67 52 4 21 79 58 75 28 73 45 43
100 3
5 2 81 65 40 23 49 25 43 29 46 82 71 80 3 10 31 80 91 70 73 7 7 70 16 20 30 90 26 93 16 16 52 16 2 10 80 63 95 82 46 58 74 3 58 68 48 89 35 35 58 1 88 45 94 30 57 31 28 13 94 85 19 77 58 62 90 73 93 20 80 70 52 45 26 11 80 7 64 14 40 76 89 50 49 21 22 94 67 47 69 62 10 83 49 13 70 10 29 56
100 3
23 53 26 8 35 52 47 17 71 77 64 16 34 92 29 13 33 49 95 16 35 67 49 92 35 43 95 8 10 23 11 83 31 79 63 1 83 5 35 60 71 73 14 91 37 6 38 41 85 38 94 40 15 65 44 70 71 29 31 45 47 10 49 95 2 83 56 35 43 92 77 14 1 80 98 64 98 34 50 28 47 62 43 12 37 64 16 38 19 42 88 80 35 95 85 23 67 53 44 97
100 3
49 7 73 97 4 27 76 55 49 68 49 53 7 64 60 95 89 32 19 47 72 11 94 32 58 63 46 4 21 91 97 64 4 16 88 79 43 58 79 28 82 85 46 13 82 94 90 49 3 19 97 55 52 14 21 78 67 29 55 2 52 68 28 28 86 46 74 87 86 75 62 37 86 54 94 52 50 46 44 43 91 82 29 26 12 69 2 34 35 64 16 56 30 49 55 24 13 20 49 40
100 3
14 56 28 13 38 49 92 73 47 49 59 44 20 31 95 9 29 37 64 98 23 89 92 65 80 46 31 49 8 2 19 35 38 31 41 27 85 19 32 76 71 56 34 11 2 44 62 25 74 2 44 59 41 74 34 59 35 80 94 5 31 71 38 74 38 38 4 97 47 89 34 79 35 65 53 40 83 8 86 65 21 25 2 1 34 4 86 17 39 85 11 71 17 41 33 95 67 59 14 77
100 3
50 53 37 44 80 34 55 50 5 74 25 76 56 95 44 43 65 62 28 56 41 29 8 95 77 28 74 62 34 38 40 61 56 35 5 20 62 34 74 38 7 92 53 86 71 93 25 20 83 26 93 55 87 35 92 70 53 17 68 40 77 97 14 74 41 47 53 86 8 63 43 65 22 77 38 83 19 55 37 90 40 53 47 89 77 5 77 83 14 35 95 8 21 95 82 79 1 98 74 47
100 3
74 22 49 82 13 50 94 92 49 34 29 76 4 21 92 7 73 55 5 39 17 26 4 34 47 68 71 19 54 79 28 70 89 29 28 16 16 80 11 20 16 73 22 93 79 49 61 63 4 94 38 98 58 7 94 67 7 1 97 59 31 2 67 55 77 98 7 91 64 85 33 34 67 14 32 1 61 10 25 65 14 89 42 88 96 41 26 47 79 26 8 41 52 16 94 10 7 59 25 94
100 3
31 43 37 14 55 61 3 77 74 41 58 17 85 16 65 2 96 65 56 50 18 54 91 13 38 25 83 76 58 55 76 82 2 69 68 82 45 71 50 77 49 25 10 73 28 1 94 97 94 34 35 97 1 47 28 46 58 7 55 49 10 58 7 70 49 7 11 28 76 52 76 72 91 2 13 5 82 55 9 87 13 85 6 67 55 8 5 83 64 97 58 83 54 32 68 67 16 20 85 19
100 3
83 17 14 56 34 59 79 53 59 5 89 71 47 9 56 26 74 20 98 80 48 6 56 67 41 9 55 7 37 61 17 14 5 20 17 46 77 47 85 70 82 80 71 25 28 46 95 82 98 21 43 21 67 26 19 40 20 89 17 41 92 41 58 84 80 68 11 65 17 53 46 49 16 5 35 1 80 95 98 62 89 47 98 79 71 61 29 92 4 62 53 91 97 74 98 26 81 76 77 9
100 3
17 58 22 38 34 61 10 31 43 77 58 41 59 18 25 96 10 92 54 11 43 79 54 13 85 53 16 92 22 34 49 53 31 64 40 37 32 89 25 43 70 64 26 31 67 97 49 46 56 93 4 83 28 85 46 94 37 8 88 50 81 46 45 34 28 62 73 4 10 67 68 97 51 32 41 4 97 91 7 85 13 20 80 34 92 40 65 64 52 66 49 16 88 44 3 10 56 67 46 91
100 3
4 76 55 28 5 97 70 49 22 3 43 88 68 3 71 35 21 79 94 91 11 19 14 43 61 82 62 7 53 3 42 19 82 61 65 30 67 70 70 95 67 64 95 16 52 27 85 5 4 61 79 61 20 17 19 22 93 11 26 20 95 36 4 22 10 8 3 67 50 91 49 64 47 95 95 97 60 60 31 1 25 91 53 4 13 17 67 36 64 79 25 77 41 97 58 5 7 37 71 46
100 3
74 5 68 70 58 49 29 34 15 94 35 16 76 35 24 61 4 55 22 31 31 56 41 86 52 67 31 92 91 61 67 34 1 74 61 85 1 56 4 85 40 1 7 43 3 13 98 64 2 80 97 22 71 66 88 37 16 19 13 31 22 60 57 37 71 16 34 50 10 4 11 73 80 10 90 43 61 34 6 35 73 58 79 56 34 55 31 59 91 54 22 65 69 83 91 72 13 40 16 41
100 3
56 74 11 37 37 17 68 38 8 82 50 39 83 36 91 87 44 95 50 52 53 94 98 17 57 73 26 79 44 92 26 8 2 27 13 44 32 40 91 81 61 50 46 68 13 95 25 46 17 88 74 14 29 58 2 77 95 43 21 4 14 65 80 5 15 38 5 41 71 46 5 47 52 71 97 59 55 46 53 89 43 19 50 53 26 35 62 32 58 91 97 35 86 71 55 56 95 8 17 78
100 3
95 44 38 38 32 83 89 83 8 50 86 56 20 31 68 32 25 78 29 97 15 31 71 40 20 79 29 83 45 11 14 77 29 98 73 98 83 62 33 65 74 77 55 40 77 36 35 2 13 53 92 7 8 59 35 80 46 89 47 50 41 17 4 97 75 31 74 46 2 7 77 86 5 59 92 89 67 46 22 70 71 62 56 69 20 40 14 67 47 51 49 43 97 71 71 47 32 32 95 52
14 3
19 38 64 4 45 29 74 88 36 14 65 1 54 4
100 3
82 97 8 74 97 36 43 46 52 40 7 37 39 94 43 31 70 31 77 82 49 43 34 35 86 85 73 7 4 49 94 10 43 67 40 19 97 79 79 63 64 88 19 34 46 40 34 34 13 52 76 19 7 31 76 55 16 43 8 43 16 37 26 92 20 58 29 38 19 55 89 55 44 22 32 7 4 97 8 77 4 12 46 70 10 26 55 67 2 53 91 1 91 73 10 56 73 73 55 40
100 3
76 64 63 64 82 1 49 5 41 44 67 71 83 43 55 94 19 79 43 85 53 25 67 16 40 49 70 7 55 72 65 85 2 97 77 28 22 8 26 4 53 43 77 98 6 16 78 95 26 28 47 79 16 93 68 8 7 1 34 67 73 76 58 23 91 10 82 64 17 97 94 52 95 25 22 22 55 81 62 62 7 22 12 82 94 60 81 28 49 22 86 13 57 85 82 85 37 22 52 46
1 2
40
3 3
59 38 83
24 3
31 68 13 92 19 24 86 8 21 70 30 18 98 77 45 55 26 55 86 11 53 1 73 20
18 2
52 88 44 81 63 29 88 14 30 58 79 53 14 72 20 77 99 74
2 2
57 25
15 3
67 64 58 26 89 47 5 98 43 49 29 61 38 61 25
1 3
86
1 3
33
100 3
37 65 58 19 49 37 77 65 17 4 20 65 89 92 32 32 92 50 59 24 38 10 23 77 79 56 82 39 42 37 67 20 53 64 92 65 6 11 41 83 62 15 81 29 11 17 46 14 4 43 23 40 22 49 32 77 72 37 65 84 49 20 20 98 63 45 5 38 49 20 65 68 68 64 43 40 86 50 22 58 8 92 10 94 20 68 73 1 47 71 46 1 20 37 8 60 17 33 7 34
100 3
44 3 5 59 80 35 2 64 86 23 15 44 29 82 47 14 1 89 22 28 98 65 13 77 17 6 21 8 11 56 80 80 98 26 91 43 92 72 72 55 13 83 41 45 26 59 17 70 4 58 2 65 8 62 37 68 6 55 74 64 98 74 83 61 32 15 23 58 77 55 28 89 53 29 68 23 2 80 61 29 15 26 52 8 94 37 20 55 96 68 34 95 38 1 21 53 52 55 89 44
100 2
54 13 29 79 33 20 52 28 56 10 32 70 88 55 31 25 3 6 18 13 97 96 56 72 79 43 65 17 7 17 64 77 22 82 94 80 95 28 55 79 13 9 21 42 73 97 50 97 97 60 18 85 71 49 82 26 49 32 85 8 46 80 75 71 67 56 81 32 4 12 53 55 9 70 43 80 81 56 89 22 91 44 97 90 33 40 18 18 48 37 42 21 26 50 63 19 48 4 54 81
100 3
41 1 56 55 92 62 20 17 14 14 53 2 95 20 44 83 69 92 41 8 78 59 8 5 65 14 81 5 62 16 91 16 70 39 38 59 11 95 97 22 69 80 94 98 91 79 89 86 59 44 17 16 74 86 56 69 62 89 74 59 56 11 23 40 82 98 23 76 47 28 97 11 26 82 95 37 14 24 47 32 1 32 68 62 64 53 89 50 53 8 20 64 79 14 56 22 58 89 50 79
11 3
94 5 19 64 82 90 83 86 67 83 41
100 3
23 78 68 98 45 32 68 38 19 32 9 62 62 1 91 24 51 49 38 27 28 13 32 11 3 82 3 8 85 26 14 31 92 47 79 23 80 95 71 71 28 20 70 74 84 71 35 38 26 23 77 84 62 14 22 23 80 23 35 91 64 71 8 9 47 87 39 3 95 89 75 35 47 19 9 16 46 65 42 26 73 83 50 38 3 95 94 11 70 90 74 17 44 71 17 89 89 70 83 63
100 3
61 5 68 13 77 46 77 62 18 14 83 44 61 44 83 14 4 92 18 29 80 4 2 96 52 1 71 26 57 83 92 38 57 50 38 17 47 40 77 50 77 47 56 68 73 24 10 59 20 2 98 69 26 92 92 92 90 53 65 44 64 53 74 29 44 65 73 34 51 74 68 44 38 47 70 16 8 89 77 50 53 74 63 68 68 35 89 86 67 49 65 48 8 8 8 2 35 63 8 32
19 3
97 4 79 97 13 76 95 94 82 80 25 46 86 67 47 85 73 4 62
100 3
17 5 62 43 37 91 55 1 97 66 81 12 73 56 81 55 28 66 22 5 49 38 74 85 16 95 34 1 95 89 70 67 46 34 37 71 32 68 22 8 89 22 16 28 20 59 38 85 47 3 52 77 13 17 77 16 8 8 1 73 62 70 57 40 34 76 17 4 49 47 91 68 97 13 14 81 34 46 69 52 84 58 44 26 91 54 13 97 26 82 43 80 55 82 97 4 91 8 65 10
